100 0.7720
200 0.6947
300 0.6663
400 0.6366
500 0.6136
600 0.5988
700 0.5784
800 0.5673
900 0.5549
1000 0.5351
1100 0.5251
1200 0.5170
1300 0.4936
1400 0.5041
1500 0.4745
1600 0.4680
1700 0.4647
1800 0.4570
1900 0.4405
2000 0.4359
2100 0.4389
2200 0.4125
2300 0.4177
2400 0.4082
2500 0.3928
2600 0.3936
2700 0.3846
2800 0.3812
2900 0.3651
3000 0.3638
3100 0.3601
3200 0.3546
3300 0.3384
3400 0.3488
3500 0.3343
3600 0.3266
3700 0.3295
3800 0.3239
3900 0.3177
4000 0.3059
4100 0.3174
4200 0.3082
4300 0.2970
4400 0.2974
4500 0.3006
4600 0.2942
4700 0.2823
4800 0.2902
4900 0.2901
5000 0.2812
5100 0.2726
5200 0.2798
5300 0.2795
5400 0.2766
5500 0.2653
5600 0.2687
5700 0.2512
5800 0.2643
5900 0.2622
6000 0.2576
6100 0.2492
6200 0.2462
6300 0.2544
6400 0.2441
6500 0.2387
6600 0.2430
6700 0.2425
6800 0.2269
6900 0.2360
7000 0.2406
7100 0.2267
7200 0.2283
7300 0.2316
7400 0.2330
7500 0.2123
7600 0.2277
7700 0.2255
7800 0.2113
7900 0.2218
8000 0.2190
8100 0.2212
8200 0.2171
8300 0.2169
8400 0.2107
8500 0.2170
8600 0.2013
8700 0.2111
8800 0.2050
8900 0.2026
9000 0.2048
9100 0.2067
9200 0.1893
9300 0.1930
9400 0.2027
9500 0.1926
9600 0.1837
9700 0.2023
9800 0.2002
9900 0.1891
10000 0.1830
10100 0.1880
10200 0.1966
10300 0.1825
10400 0.1863
10500 0.1902
10600 0.1823
10700 0.1821
10800 0.1912
10900 0.1825
11000 0.1756
11100 0.1780
11200 0.1887
11300 0.1823
11400 0.1763
11500 0.1817
11600 0.1818
11700 0.1685
11800 0.1733
11900 0.1797
12000 0.1641
12100 0.1696
12200 0.1799
12300 0.1741
12400 0.1659
12500 0.1737
12600 0.1716
12700 0.1628
12800 0.1683
12900 0.1709
13000 0.1636
13100 0.1579
13200 0.1697
13300 0.1648
13400 0.1566
13500 0.1620
13600 0.1672
13700 0.1648
13800 0.1610
13900 0.1624
14000 0.1637
14100 0.1626
14200 0.1532
14300 0.1621
14400 0.1589
14500 0.1507
14600 0.1597
14700 0.1665
14800 0.1498
14900 0.1574
15000 0.1623
15100 0.1555
15200 0.1474
15300 0.1559
15400 0.1585
15500 0.1477
15600 0.1463
15700 0.1647
15800 0.1617
15900 0.1462
16000 0.1516
16100 0.1507
16200 0.1462
16300 0.1459
16400 0.1531
16500 0.1466
16600 0.1396
16700 0.1421
16800 0.1587
16900 0.1445
17000 0.1423
17100 0.1499
17200 0.1460
17300 0.1391
17400 0.1452
17500 0.1498
17600 0.1423
17700 0.1380
17800 0.1441
17900 0.1532
18000 0.1294
18100 0.1457
18200 0.1459
18300 0.1406
18400 0.1430
18500 0.1443
18600 0.1455
18700 0.1274
18800 0.1480
18900 0.1455
19000 0.1380
19100 0.1362
19200 0.1435
19300 0.1526
19400 0.1258
19500 0.1362
19600 0.1366
19700 0.1419
19800 0.1333
19900 0.1380
20000 0.1430
20100 0.1263
20200 0.1335
20300 0.1384
20400 0.1290
20500 0.1335
20600 0.1349
20700 0.1396
20800 0.1230
20900 0.1325
21000 0.1472
21100 0.1322
21200 0.1208
21300 0.1376
21400 0.1359
21500 0.1185
21600 0.1268
21700 0.1354
21800 0.1324
21900 0.1222
22000 0.1343
22100 0.1388
22200 0.1210
22300 0.1305
22400 0.1342
22500 0.1296
22600 0.1275
22700 0.1223
22800 0.1279
22900 0.1240
23000 0.1276
23100 0.1312
23200 0.1266
23300 0.1199
23400 0.1228
23500 0.1388
23600 0.1136
23700 0.1233
23800 0.1276
23900 0.1258
24000 0.1218
24100 0.1287
24200 0.1322
24300 0.1105
24400 0.1252
24500 0.1311
24600 0.1276
24700 0.1223
24800 0.1291
24900 0.1259
25000 0.1198
25100 0.1178
25200 0.1298
25300 0.1249
25400 0.1152
25500 0.1210
25600 0.1194
25700 0.1198
25800 0.1236
25900 0.1234
26000 0.1253
26100 0.1216
26200 0.1240
26300 0.1248
26400 0.1230
26500 0.1145
26600 0.1205
26700 0.1238
26800 0.1227
26900 0.1119
27000 0.1268
27100 0.1188
27200 0.1162
27300 0.1175
27400 0.1202
27500 0.1139
27600 0.1222
27700 0.1194
27800 0.1107
27900 0.1118
28000 0.1123
28100 0.1195
28200 0.1107
28300 0.1106
28400 0.1182
28500 0.1123
28600 0.1084
28700 0.1205
28800 0.1244
28900 0.1146
29000 0.1186
29100 0.1122
29200 0.1107
29300 0.1163
29400 0.1151
29500 0.1173
29600 0.1051
29700 0.1175
29800 0.1198
29900 0.1131
30000 0.1127
30100 0.1152
30200 0.1195
30300 0.1058
30400 0.1202
30500 0.1177
30600 0.1036
30700 0.1103
30800 0.1188
30900 0.1183
31000 0.1051
31100 0.1103
31200 0.1224
31300 0.1097
31400 0.1119
31500 0.1200
31600 0.1147
31700 0.1045
31800 0.1130
31900 0.1173
32000 0.1082
32100 0.0738
32200 0.0645
32300 0.0585
32400 0.0505
32500 0.0487
32600 0.0475
32700 0.0470
32800 0.0421
32900 0.0413
33000 0.0410
33100 0.0366
33200 0.0402
33300 0.0426
33400 0.0390
33500 0.0359
33600 0.0387
33700 0.0391
33800 0.0330
33900 0.0368
34000 0.0327
34100 0.0329
34200 0.0296
34300 0.0329
34400 0.0336
34500 0.0318
34600 0.0316
34700 0.0341
34800 0.0305
34900 0.0287
35000 0.0300
35100 0.0313
35200 0.0273
35300 0.0284
35400 0.0315
35500 0.0274
35600 0.0284
35700 0.0298
35800 0.0286
35900 0.0265
36000 0.0301
36100 0.0253
36200 0.0253
36300 0.0247
36400 0.0271
36500 0.0268
36600 0.0262
36700 0.0255
36800 0.0246
36900 0.0252
37000 0.0280
37100 0.0263
37200 0.0245
37300 0.0231
37400 0.0220
37500 0.0233
37600 0.0241
37700 0.0209
37800 0.0242
37900 0.0261
38000 0.0232
38100 0.0241
38200 0.0251
38300 0.0248
38400 0.0208
38500 0.0223
38600 0.0235
38700 0.0251
38800 0.0216
38900 0.0215
39000 0.0211
39100 0.0191
39200 0.0209
39300 0.0222
39400 0.0206
39500 0.0214
39600 0.0213
39700 0.0218
39800 0.0219
39900 0.0220
40000 0.0237
40100 0.0161
40200 0.0202
40300 0.0212
40400 0.0212
40500 0.0205
40600 0.0198
40700 0.0197
40800 0.0198
40900 0.0188
41000 0.0191
41100 0.0180
41200 0.0191
41300 0.0207
41400 0.0191
41500 0.0180
41600 0.0202
41700 0.0179
41800 0.0181
41900 0.0170
42000 0.0184
42100 0.0198
42200 0.0184
42300 0.0179
42400 0.0179
42500 0.0189
42600 0.0164
42700 0.0186
42800 0.0191
42900 0.0175
43000 0.0172
43100 0.0184
43200 0.0175
43300 0.0179
43400 0.0185
43500 0.0173
43600 0.0165
43700 0.0182
43800 0.0154
43900 0.0170
44000 0.0165
44100 0.0160
44200 0.0166
44300 0.0157
44400 0.0152
44500 0.0158
44600 0.0169
44700 0.0162
44800 0.0187
44900 0.0173
45000 0.0159
45100 0.0169
45200 0.0159
45300 0.0190
45400 0.0166
45500 0.0159
45600 0.0172
45700 0.0154
45800 0.0174
45900 0.0149
46000 0.0165
46100 0.0141
46200 0.0152
46300 0.0167
46400 0.0166
46500 0.0135
46600 0.0157
46700 0.0160
46800 0.0138
46900 0.0152
47000 0.0153
47100 0.0159
47200 0.0139
47300 0.0149
47400 0.0153
47500 0.0144
47600 0.0134
47700 0.0162
47800 0.0160
47900 0.0151
48000 0.0130
48100 0.0127
48200 0.0109
48300 0.0148
48400 0.0109
48500 0.0138
48600 0.0125
48700 0.0093
48800 0.0135
48900 0.0122
49000 0.0132
49100 0.0140
49200 0.0138
49300 0.0137
49400 0.0116
49500 0.0121
49600 0.0133
49700 0.0109
49800 0.0127
49900 0.0133
50000 0.0105
50100 0.0116
50200 0.0123
50300 0.0135
50400 0.0111
50500 0.0123
50600 0.0120
50700 0.0110
50800 0.0105
50900 0.0125
51000 0.0110
51100 0.0112
51200 0.0136
51300 0.0111
51400 0.0111
51500 0.0105
51600 0.0117
51700 0.0107
51800 0.0113
51900 0.0123
52000 0.0103
52100 0.0110
52200 0.0095
52300 0.0105
52400 0.0108
52500 0.0121
52600 0.0105
52700 0.0119
52800 0.0103
52900 0.0101
53000 0.0109
53100 0.0120
53200 0.0110
53300 0.0115
53400 0.0097
53500 0.0138
53600 0.0104
53700 0.0112
53800 0.0105
53900 0.0123
54000 0.0131
54100 0.0105
54200 0.0116
54300 0.0108
54400 0.0117
54500 0.0107
54600 0.0109
54700 0.0143
54800 0.0104
54900 0.0120
55000 0.0093
55100 0.0116
55200 0.0120
55300 0.0111
55400 0.0109
55500 0.0107
55600 0.0113
55700 0.0105
55800 0.0110
55900 0.0110
56000 0.0112
56100 0.0100
56200 0.0095
56300 0.0112
56400 0.0106
56500 0.0105
56600 0.0110
56700 0.0088
56800 0.0130
56900 0.0100
57000 0.0106
57100 0.0121
57200 0.0123
57300 0.0106
57400 0.0113
57500 0.0098
57600 0.0106
57700 0.0102
57800 0.0119
57900 0.0101
58000 0.0117
58100 0.0111
58200 0.0105
58300 0.0114
58400 0.0118
58500 0.0104
58600 0.0105
58700 0.0106
58800 0.0103
58900 0.0107
59000 0.0106
59100 0.0122
59200 0.0090
59300 0.0111
59400 0.0109
59500 0.0110
59600 0.0120
59700 0.0101
59800 0.0101
59900 0.0111
60000 0.0118
60100 0.0101
60200 0.0108
60300 0.0112
60400 0.0110
60500 0.0109
60600 0.0111
60700 0.0106
60800 0.0107
60900 0.0114
61000 0.0101
61100 0.0095
61200 0.0095
61300 0.0115
61400 0.0099
61500 0.0101
61600 0.0101
61700 0.0109
61800 0.0102
61900 0.0098
62000 0.0088
62100 0.0099
62200 0.0098
62300 0.0112
62400 0.0105
62500 0.0127
62600 0.0096
62700 0.0120
62800 0.0111
62900 0.0085
63000 0.0101
63100 0.0102
63200 0.0100
63300 0.0098
63400 0.0100
63500 0.0097
63600 0.0106
63700 0.0109
63800 0.0102
63900 0.0084
64000 0.0094
