100 0.7870
200 0.7035
300 0.6575
352 0.6242
400 0.6235
500 0.5905
600 0.5801
700 0.5633
703 0.5602
800 0.5491
900 0.5399
1000 0.5282
1054 0.5180
1100 0.5121
1200 0.5002
1300 0.4933
1400 0.4830
1405 0.4961
1500 0.4749
1600 0.4571
1700 0.4459
1756 0.4773
1800 0.4409
1900 0.4363
2000 0.4347
2100 0.4154
2107 0.4594
2200 0.4055
2300 0.4008
2400 0.4010
2458 0.4406
2500 0.3845
2600 0.3829
2700 0.3730
2800 0.3798
2809 0.3828
2900 0.3545
3000 0.3554
3100 0.3472
3160 0.3594
3200 0.3374
3300 0.3256
3400 0.3268
3500 0.3250
3511 0.3477
3600 0.3154
3700 0.3087
3800 0.3045
3862 0.3570
3900 0.2965
4000 0.2902
4100 0.2960
4200 0.2934
4213 0.3227
4300 0.2802
4400 0.2812
4500 0.2673
4564 0.3180
4600 0.2702
4700 0.2652
4800 0.2616
4900 0.2648
4915 0.3141
5000 0.2453
5100 0.2533
5200 0.2466
5266 0.2922
5300 0.2455
5400 0.2355
5500 0.2424
5600 0.2418
5617 0.2992
5700 0.2302
5800 0.2249
5900 0.2295
5968 0.2672
6000 0.2241
6100 0.2225
6200 0.2288
6300 0.2166
6319 0.2883
6400 0.2112
6500 0.2184
6600 0.2169
6670 0.2500
6700 0.2090
6800 0.2016
6900 0.2115
7000 0.2116
7021 0.2750
7100 0.1973
7200 0.2020
7300 0.2091
7372 0.2602
7400 0.1999
7500 0.1937
7600 0.1991
7700 0.2014
7723 0.2625
7800 0.1815
7900 0.1942
8000 0.1938
8074 0.2531
8100 0.1863
8200 0.1823
8300 0.1874
8400 0.1973
8425 0.2555
8500 0.1735
8600 0.1839
8700 0.1848
8776 0.2578
8800 0.1849
8900 0.1768
9000 0.1770
9100 0.1780
9127 0.2500
9200 0.1618
9300 0.1747
9400 0.1789
9478 0.2469
9500 0.1763
9600 0.1672
9700 0.1727
9800 0.1731
9829 0.2414
9900 0.1649
10000 0.1628
10100 0.1750
10180 0.2344
10200 0.1645
10300 0.1535
10400 0.1624
10500 0.1605
10531 0.2508
10600 0.1584
10700 0.1654
10800 0.1593
10882 0.2531
10900 0.1592
11000 0.1559
11100 0.1602
11200 0.1595
11233 0.2406
11300 0.1568
11400 0.1531
11500 0.1538
11584 0.2211
11600 0.1509
11700 0.1461
11800 0.1534
11900 0.1573
11935 0.2352
12000 0.1451
12100 0.1510
12200 0.1458
12286 0.2359
12300 0.1601
12400 0.1398
12500 0.1484
12600 0.1513
12637 0.2594
12700 0.1459
12800 0.1412
12900 0.1466
12988 0.2289
13000 0.1530
13100 0.1341
13200 0.1430
13300 0.1417
13339 0.2328
13400 0.1378
13500 0.1399
13600 0.1428
13690 0.2289
13700 0.1418
13800 0.1345
13900 0.1311
14000 0.1419
14041 0.2156
14100 0.1282
14200 0.1332
14300 0.1381
14392 0.2266
14400 0.1365
14500 0.1293
14600 0.1327
14700 0.1377
14743 0.2305
14800 0.1282
14900 0.1279
15000 0.1384
15094 0.2289
15100 0.1335
15200 0.1280
15300 0.1372
15400 0.1386
15445 0.2273
15500 0.1236
15600 0.1281
15700 0.1314
15796 0.2266
15800 0.1359
15900 0.1227
16000 0.1266
16100 0.1317
16147 0.2109
16200 0.1278
16300 0.1201
16400 0.1334
16498 0.2258
16500 0.1327
16600 0.1222
16700 0.1203
16800 0.1290
16849 0.1992
16900 0.1258
17000 0.1210
17100 0.1242
17200 0.1341
17200 0.2039
17300 0.1188
17400 0.1243
17500 0.1243
17551 0.1906
17600 0.1166
17700 0.1132
17800 0.1245
17900 0.1221
17902 0.2273
18000 0.1112
18100 0.1165
18200 0.1262
18253 0.2141
18300 0.1202
18400 0.1183
18500 0.1195
18600 0.1234
18604 0.2172
18700 0.1127
18800 0.1226
18900 0.1250
18955 0.2250
19000 0.1199
19100 0.1130
19200 0.1186
19300 0.1246
19306 0.2305
19400 0.1044
19500 0.1205
19600 0.1194
19657 0.2023
19700 0.1151
19800 0.1099
19900 0.1191
20000 0.1205
20008 0.2023
20100 0.1176
20200 0.1181
20300 0.1156
20359 0.2148
20400 0.1117
20500 0.1116
20600 0.1148
20700 0.1127
20710 0.2305
20800 0.1108
20900 0.1117
21000 0.1172
21061 0.2148
21100 0.1115
21200 0.1178
21300 0.1170
21400 0.1133
21412 0.2109
21500 0.1034
21600 0.1127
21700 0.1080
21763 0.2195
21800 0.1168
21900 0.1068
22000 0.1094
22100 0.1157
22114 0.2109
22200 0.1041
22300 0.1055
22400 0.1176
22465 0.2172
22500 0.1103
22600 0.1099
22700 0.1155
22800 0.1138
22816 0.2203
22900 0.0958
23000 0.1041
23100 0.1126
23167 0.2172
23200 0.1060
23300 0.1020
23400 0.1138
23500 0.1163
23518 0.2211
23600 0.0931
23700 0.1110
23800 0.1119
23869 0.2258
23900 0.1044
24000 0.0989
24100 0.1045
24200 0.1053
24220 0.2094
24300 0.0979
24400 0.1034
24500 0.1066
24571 0.2055
24600 0.1066
24700 0.1011
24800 0.1046
24900 0.1103
24922 0.2211
25000 0.0931
25100 0.1023
25200 0.1062
25273 0.2031
25300 0.1023
25400 0.0989
25500 0.1057
25600 0.1096
25624 0.2094
25700 0.0977
25800 0.1019
25900 0.1115
25975 0.2055
26000 0.0998
26100 0.0955
26200 0.1022
26300 0.1009
26326 0.2086
26400 0.0967
26500 0.1058
26600 0.1055
26677 0.2195
26700 0.1060
26800 0.0953
26900 0.1016
27000 0.1070
27028 0.2016
27100 0.0957
27200 0.0988
27300 0.1024
27379 0.2055
27400 0.1081
27500 0.0948
27600 0.0966
27700 0.0998
27730 0.2047
27800 0.0955
27900 0.0988
28000 0.1076
28081 0.2031
28100 0.1023
28200 0.0943
28300 0.1030
28400 0.0995
28432 0.2164
28500 0.0960
28600 0.1027
28700 0.1021
28783 0.2039
28800 0.0988
28900 0.0930
29000 0.0934
29100 0.1014
29134 0.1898
29200 0.0938
29300 0.0998
29400 0.1007
29485 0.2000
29500 0.1055
29600 0.0902
29700 0.1013
29800 0.0952
29836 0.2133
29900 0.0976
30000 0.0999
30100 0.1052
30187 0.2117
30200 0.1041
30300 0.0880
30400 0.1025
30500 0.0978
30538 0.1875
30600 0.0859
30700 0.0852
30800 0.1005
30889 0.2172
30900 0.1047
31000 0.0863
31100 0.0945
31200 0.1034
31240 0.2133
31300 0.1006
31400 0.1001
31500 0.1017
31591 0.2117
31600 0.1030
31700 0.0856
31800 0.0927
31900 0.0951
31942 0.2008
32000 0.0882
32100 0.0611
32200 0.0484
32293 0.1938
32300 0.0441
32400 0.0421
32500 0.0364
32600 0.0338
32644 0.1758
32700 0.0352
32800 0.0329
32900 0.0309
32995 0.1617
33000 0.0316
33100 0.0268
33200 0.0274
33300 0.0278
33346 0.1727
33400 0.0266
33500 0.0258
33600 0.0256
33697 0.1820
33700 0.0278
33800 0.0234
33900 0.0262
34000 0.0269
34048 0.1852
34100 0.0243
34200 0.0218
34300 0.0248
34399 0.1633
34400 0.0245
34500 0.0204
34600 0.0208
34700 0.0232
34750 0.1680
34800 0.0216
34900 0.0217
35000 0.0211
35100 0.0219
35101 0.1680
35200 0.0216
35300 0.0195
35400 0.0215
35452 0.1719
35500 0.0195
35600 0.0183
35700 0.0194
35800 0.0217
35803 0.1500
35900 0.0177
36000 0.0173
36100 0.0183
36154 0.1664
36200 0.0184
36300 0.0186
36400 0.0202
36500 0.0191
36505 0.1508
36600 0.0170
36700 0.0165
36800 0.0177
36856 0.1680
36900 0.0196
37000 0.0166
37100 0.0145
37200 0.0174
37207 0.1555
37300 0.0164
37400 0.0141
37500 0.0177
37558 0.1680
37600 0.0160
37700 0.0162
37800 0.0150
37900 0.0177
37909 0.1664
38000 0.0165
38100 0.0159
38200 0.0183
38260 0.1805
38300 0.0159
38400 0.0143
38500 0.0162
38600 0.0142
38611 0.1727
38700 0.0152
38800 0.0125
38900 0.0138
38962 0.1656
39000 0.0163
39100 0.0151
39200 0.0140
39300 0.0146
39313 0.1633
39400 0.0141
39500 0.0149
39600 0.0126
39664 0.1625
39700 0.0151
39800 0.0137
39900 0.0152
40000 0.0159
40015 0.1633
40100 0.0136
40200 0.0129
40300 0.0141
40366 0.1570
40400 0.0137
40500 0.0127
40600 0.0136
40700 0.0144
40717 0.1734
40800 0.0111
40900 0.0137
41000 0.0145
41068 0.1695
41100 0.0120
41200 0.0134
41300 0.0130
41400 0.0149
41419 0.1680
41500 0.0127
41600 0.0130
41700 0.0111
41770 0.1703
41800 0.0138
41900 0.0131
42000 0.0127
42100 0.0140
42121 0.1672
42200 0.0109
42300 0.0116
42400 0.0112
42472 0.1609
42500 0.0127
42600 0.0123
42700 0.0117
42800 0.0115
42823 0.1586
42900 0.0096
43000 0.0134
43100 0.0105
43174 0.1836
43200 0.0119
43300 0.0126
43400 0.0116
43500 0.0116
43525 0.1555
43600 0.0116
43700 0.0105
43800 0.0122
43876 0.1578
43900 0.0115
44000 0.0114
44100 0.0123
44200 0.0129
44227 0.1687
44300 0.0123
44400 0.0105
44500 0.0123
44578 0.1820
44600 0.0114
44700 0.0108
44800 0.0093
44900 0.0080
44929 0.1805
45000 0.0100
45100 0.0105
45200 0.0110
45280 0.1711
45300 0.0112
45400 0.0098
45500 0.0105
45600 0.0116
45631 0.1906
45700 0.0103
45800 0.0093
45900 0.0098
45982 0.1648
46000 0.0104
46100 0.0090
46200 0.0090
46300 0.0097
46333 0.1695
46400 0.0100
46500 0.0087
46600 0.0089
46684 0.1539
46700 0.0091
46800 0.0088
46900 0.0103
47000 0.0121
47035 0.1641
47100 0.0096
47200 0.0103
47300 0.0107
47386 0.1609
47400 0.0104
47500 0.0091
47600 0.0086
47700 0.0103
47737 0.1578
47800 0.0097
47900 0.0094
48000 0.0095
48088 0.1555
48100 0.0100
48200 0.0088
48300 0.0065
48400 0.0080
48439 0.1578
48500 0.0091
48600 0.0095
48700 0.0080
48790 0.1516
48800 0.0077
48900 0.0067
49000 0.0072
49100 0.0066
49141 0.1625
49200 0.0080
49300 0.0078
49400 0.0073
49492 0.1531
49500 0.0079
49600 0.0089
49700 0.0062
49800 0.0083
49843 0.1633
49900 0.0078
50000 0.0073
50100 0.0059
50194 0.1758
50200 0.0092
50300 0.0081
50400 0.0076
50500 0.0069
50545 0.1672
50600 0.0085
50700 0.0068
50800 0.0086
50896 0.1609
50900 0.0073
51000 0.0077
51100 0.0081
51200 0.0085
51247 0.1648
51300 0.0071
51400 0.0076
51500 0.0065
51598 0.1539
51600 0.0066
51700 0.0068
51800 0.0075
51900 0.0083
51949 0.1617
52000 0.0070
52100 0.0070
52200 0.0065
52300 0.0066
52300 0.1531
52400 0.0080
52500 0.0066
52600 0.0070
52651 0.1586
52700 0.0080
52800 0.0075
52900 0.0070
53000 0.0072
53002 0.1633
53100 0.0079
53200 0.0068
53300 0.0072
53353 0.1641
53400 0.0079
53500 0.0070
53600 0.0073
53700 0.0072
53704 0.1648
53800 0.0065
53900 0.0086
54000 0.0063
54055 0.1672
54100 0.0077
54200 0.0060
54300 0.0072
54400 0.0082
54406 0.1609
54500 0.0080
54600 0.0077
54700 0.0068
54757 0.1500
54800 0.0070
54900 0.0070
55000 0.0066
55100 0.0073
55108 0.1656
55200 0.0064
55300 0.0075
55400 0.0073
55459 0.1555
55500 0.0069
55600 0.0052
55700 0.0068
55800 0.0067
55810 0.1805
55900 0.0076
56000 0.0072
56100 0.0069
56161 0.1656
56200 0.0068
56300 0.0072
56400 0.0066
56500 0.0076
56512 0.1641
56600 0.0086
56700 0.0070
56800 0.0077
56863 0.1586
56900 0.0084
57000 0.0059
57100 0.0067
57200 0.0085
57214 0.1531
57300 0.0055
57400 0.0052
57500 0.0080
57565 0.1516
57600 0.0073
57700 0.0075
57800 0.0072
57900 0.0077
57916 0.1586
58000 0.0085
58100 0.0059
58200 0.0055
58267 0.1570
58300 0.0069
58400 0.0075
58500 0.0068
58600 0.0073
58618 0.1656
58700 0.0078
58800 0.0081
58900 0.0074
58969 0.1547
59000 0.0064
59100 0.0062
59200 0.0066
59300 0.0070
59320 0.1852
59400 0.0077
59500 0.0059
59600 0.0071
59671 0.1664
59700 0.0066
59800 0.0064
59900 0.0067
60000 0.0081
60022 0.1555
60100 0.0070
60200 0.0062
60300 0.0075
60373 0.1617
60400 0.0073
60500 0.0069
60600 0.0059
60700 0.0062
60724 0.1586
60800 0.0064
60900 0.0065
61000 0.0070
61075 0.1859
61100 0.0062
61200 0.0055
61300 0.0070
61400 0.0071
61426 0.1562
61500 0.0068
61600 0.0066
61700 0.0062
61777 0.1859
61800 0.0067
61900 0.0073
62000 0.0057
62100 0.0077
62128 0.1523
62200 0.0065
62300 0.0066
62400 0.0065
62479 0.1602
62500 0.0062
62600 0.0063
62700 0.0072
62800 0.0066
62830 0.1594
62900 0.0056
63000 0.0069
63100 0.0066
63181 0.1648
63200 0.0069
63300 0.0080
63400 0.0071
63500 0.0059
63532 0.1594
63600 0.0059
63700 0.0067
63800 0.0072
63883 0.1523
63900 0.0060
64000 0.0070
