100 0.8986
200 0.8996
300 0.8967
352 0.8516
400 0.8973
500 0.8949
600 0.8974
700 0.8953
703 0.8359
800 0.8948
900 0.8970
1000 0.8940
1054 0.8984
1100 0.8941
1200 0.8905
1300 0.8952
1400 0.8899
1405 0.9531
1500 0.8912
1600 0.8875
1700 0.8900
1756 0.8594
1800 0.8820
1900 0.8788
2000 0.8791
2100 0.8820
2107 0.8672
2200 0.8798
2300 0.8791
2400 0.8820
2458 0.7812
2500 0.8778
2600 0.8772
2700 0.8751
2800 0.8635
2809 0.8594
2900 0.8712
3000 0.8679
3100 0.8605
3160 0.8203
3200 0.8539
3300 0.8588
3400 0.8538
3500 0.8496
3511 0.8438
3600 0.8510
3700 0.8474
3800 0.8457
3862 0.8984
3900 0.8416
4000 0.8441
4100 0.8436
4200 0.8421
4213 0.8438
4300 0.8393
4400 0.8377
4500 0.8380
4564 0.8125
4600 0.8337
4700 0.8350
4800 0.8330
4900 0.8246
4915 0.7734
5000 0.8343
5100 0.8294
5200 0.8261
5266 0.8125
5300 0.8323
5400 0.8278
5500 0.8268
5600 0.8180
5617 0.8594
5700 0.8239
5800 0.8241
5900 0.8173
5968 0.8047
6000 0.8160
6100 0.8227
6200 0.8157
6300 0.8203
6319 0.8047
6400 0.8126
6500 0.8234
6600 0.8137
6670 0.8359
6700 0.8148
6800 0.8102
6900 0.8114
7000 0.8078
7021 0.7734
7100 0.8099
7200 0.8125
7300 0.8091
7372 0.7969
7400 0.8107
7500 0.8126
7600 0.8075
7700 0.8045
7723 0.8281
7800 0.8041
7900 0.8030
8000 0.7995
8074 0.8125
8100 0.7989
8200 0.8059
8300 0.7952
8400 0.8026
8425 0.7812
8500 0.8023
8600 0.7988
8700 0.7992
8776 0.8203
8800 0.7991
8900 0.7986
9000 0.7904
9100 0.7989
9127 0.6953
9200 0.7999
9300 0.7943
9400 0.7870
9478 0.8047
9500 0.8005
9600 0.7920
9700 0.7902
9800 0.7930
9829 0.7891
9900 0.7920
10000 0.7905
10100 0.7898
10180 0.8203
10200 0.7749
10300 0.7869
10400 0.7892
10500 0.7842
10531 0.6719
10600 0.7866
10700 0.7830
10800 0.7825
10882 0.7578
10900 0.7813
11000 0.7812
11100 0.7860
11200 0.7849
11233 0.8125
11300 0.7745
11400 0.7769
11500 0.7775
11584 0.7969
11600 0.7709
11700 0.7745
11800 0.7785
11900 0.7698
11935 0.7891
12000 0.7777
12100 0.7720
12200 0.7667
12286 0.8203
12300 0.7659
12400 0.7737
12500 0.7652
12600 0.7599
12637 0.7891
12700 0.7667
12800 0.7648
12900 0.7623
12988 0.7812
13000 0.7704
13100 0.7576
13200 0.7614
13300 0.7667
13339 0.7812
13400 0.7573
13500 0.7538
13600 0.7554
13690 0.7422
13700 0.7566
13800 0.7588
13900 0.7576
14000 0.7630
14041 0.7188
14100 0.7570
14200 0.7559
14300 0.7583
14392 0.7969
14400 0.7634
14500 0.7517
14600 0.7508
14700 0.7468
14743 0.7266
14800 0.7398
14900 0.7403
15000 0.7393
15094 0.7734
15100 0.7427
15200 0.7406
15300 0.7515
15400 0.7445
15445 0.6875
15500 0.7377
15600 0.7438
15700 0.7387
15796 0.7891
15800 0.7444
15900 0.7375
16000 0.7422
16100 0.7384
16147 0.7500
16200 0.7295
16300 0.7287
16400 0.7396
16498 0.7656
16500 0.7273
16600 0.7277
16700 0.7328
16800 0.7232
16849 0.7422
16900 0.7267
17000 0.7233
17100 0.7312
17200 0.7270
17200 0.7578
17300 0.7251
17400 0.7241
17500 0.7239
17551 0.7031
17600 0.7241
17700 0.7169
17800 0.7201
17900 0.7199
17902 0.6953
18000 0.7112
18100 0.7262
18200 0.7166
18253 0.7109
18300 0.7174
18400 0.7153
18500 0.7113
18600 0.7148
18604 0.7578
18700 0.7173
18800 0.7131
18900 0.7112
18955 0.7500
19000 0.7159
19100 0.7104
19200 0.7188
19300 0.7066
19306 0.7188
19400 0.7042
19500 0.7134
19600 0.7095
19657 0.6797
19700 0.7044
19800 0.7105
19900 0.7057
20000 0.6982
20008 0.6875
20100 0.7080
20200 0.6947
20300 0.7053
20359 0.7734
20400 0.7035
20500 0.7042
20600 0.7034
20700 0.6972
20710 0.7031
20800 0.6942
20900 0.6997
21000 0.6965
21061 0.7188
21100 0.7008
21200 0.6918
21300 0.6816
21400 0.6973
21412 0.7266
21500 0.6884
21600 0.6959
21700 0.6891
21763 0.6953
21800 0.6900
21900 0.6870
22000 0.6913
22100 0.6842
22114 0.6719
22200 0.6828
22300 0.6897
22400 0.6823
22465 0.6562
22500 0.6827
22600 0.6850
22700 0.6890
22800 0.6831
22816 0.6875
22900 0.6785
23000 0.6796
23100 0.6750
23167 0.7031
23200 0.6748
23300 0.6728
23400 0.6758
23500 0.6694
23518 0.6875
23600 0.6737
23700 0.6770
23800 0.6764
23869 0.6797
23900 0.6670
24000 0.6708
24100 0.6713
24200 0.6735
24220 0.7031
24300 0.6713
24400 0.6723
24500 0.6611
24571 0.6562
24600 0.6622
24700 0.6648
24800 0.6630
24900 0.6592
24922 0.6797
25000 0.6698
25100 0.6670
25200 0.6555
25273 0.6797
25300 0.6542
25400 0.6595
25500 0.6532
25600 0.6538
25624 0.6562
25700 0.6524
25800 0.6498
25900 0.6545
25975 0.6016
26000 0.6491
26100 0.6450
26200 0.6480
26300 0.6474
26326 0.6875
26400 0.6516
26500 0.6501
26600 0.6503
26677 0.6641
26700 0.6441
26800 0.6465
26900 0.6418
27000 0.6377
27028 0.6094
27100 0.6456
27200 0.6441
27300 0.6405
27379 0.6484
27400 0.6329
27500 0.6383
27600 0.6476
27700 0.6387
27730 0.6484
27800 0.6341
27900 0.6341
28000 0.6320
28081 0.6484
28100 0.6302
28200 0.6348
28300 0.6274
28400 0.6247
28432 0.5547
28500 0.6293
28600 0.6286
28700 0.6309
28783 0.6484
28800 0.6224
28900 0.6130
29000 0.6245
29100 0.6388
29134 0.6484
29200 0.6175
29300 0.6232
29400 0.6179
29485 0.6875
29500 0.6146
29600 0.6158
29700 0.6141
29800 0.6198
29836 0.6406
29900 0.6077
30000 0.6187
30100 0.6181
30187 0.5781
30200 0.6102
30300 0.6099
30400 0.6148
30500 0.6098
30538 0.6094
30600 0.6015
30700 0.6061
30800 0.6136
30889 0.6016
30900 0.6040
31000 0.5976
31100 0.5983
31200 0.6034
31240 0.6406
31300 0.5975
31400 0.5880
31500 0.5922
31591 0.6094
31600 0.6033
31700 0.5943
31800 0.5922
31900 0.5935
31942 0.5938
32000 0.5954
32100 0.5687
32200 0.5581
32293 0.5859
32300 0.5704
32400 0.5629
32500 0.5637
32600 0.5572
32644 0.5547
32700 0.5619
32800 0.5494
32900 0.5586
32995 0.6328
33000 0.5545
33100 0.5461
33200 0.5542
33300 0.5508
33346 0.5781
33400 0.5571
33500 0.5460
33600 0.5555
33697 0.5703
33700 0.5443
33800 0.5529
33900 0.5495
34000 0.5415
34048 0.5938
34100 0.5492
34200 0.5491
34300 0.5429
34399 0.6016
34400 0.5506
34500 0.5443
34600 0.5418
34700 0.5383
34750 0.6016
34800 0.5413
34900 0.5447
35000 0.5385
35100 0.5411
35101 0.5859
35200 0.5444
35300 0.5317
35400 0.5427
35452 0.5469
35500 0.5411
35600 0.5409
35700 0.5440
35800 0.5393
35803 0.6172
35900 0.5398
36000 0.5366
36100 0.5356
36154 0.6328
36200 0.5371
36300 0.5402
36400 0.5438
36500 0.5342
36505 0.5469
36600 0.5455
36700 0.5323
36800 0.5422
36856 0.6562
36900 0.5312
37000 0.5363
37100 0.5348
37200 0.5400
37207 0.5234
37300 0.5280
37400 0.5348
37500 0.5280
37558 0.5078
37600 0.5306
37700 0.5300
37800 0.5284
37900 0.5367
37909 0.5625
38000 0.5231
38100 0.5298
38200 0.5336
38260 0.5547
38300 0.5227
38400 0.5269
38500 0.5290
38600 0.5368
38611 0.5703
38700 0.5321
38800 0.5223
38900 0.5302
38962 0.5312
39000 0.5212
39100 0.5284
39200 0.5222
39300 0.5220
39313 0.5859
39400 0.5207
39500 0.5265
39600 0.5321
39664 0.5781
39700 0.5212
39800 0.5227
39900 0.5216
40000 0.5251
40015 0.5234
40100 0.5202
40200 0.5248
40300 0.5230
40366 0.5391
40400 0.5169
40500 0.5195
40600 0.5215
40700 0.5237
40717 0.5391
40800 0.5270
40900 0.5194
41000 0.5231
41068 0.6484
41100 0.5130
41200 0.5177
41300 0.5199
41400 0.5204
41419 0.5078
41500 0.5118
41600 0.5202
41700 0.5178
41770 0.4844
41800 0.5189
41900 0.5112
42000 0.5148
42100 0.5184
42121 0.5859
42200 0.5132
42300 0.5157
42400 0.5096
42472 0.5703
42500 0.5175
42600 0.5107
42700 0.5123
42800 0.5132
42823 0.6406
42900 0.5105
43000 0.5149
43100 0.5130
43174 0.5859
43200 0.5070
43300 0.5055
43400 0.5032
43500 0.5166
43525 0.5938
43600 0.5068
43700 0.5098
43800 0.5099
43876 0.5156
43900 0.5056
44000 0.5057
44100 0.4977
44200 0.5124
44227 0.5859
44300 0.5043
44400 0.5048
44500 0.5073
44578 0.5156
44600 0.5057
44700 0.5093
44800 0.5054
44900 0.5105
44929 0.5312
45000 0.5034
45100 0.4997
45200 0.5060
45280 0.5312
45300 0.5047
45400 0.5010
45500 0.4979
45600 0.5058
45631 0.6562
45700 0.4947
45800 0.5010
45900 0.4966
45982 0.5312
46000 0.4961
46100 0.4944
46200 0.5038
46300 0.4989
46333 0.5625
46400 0.4995
46500 0.5019
46600 0.4977
46684 0.5312
46700 0.4999
46800 0.4945
46900 0.4866
47000 0.4956
47035 0.6484
47100 0.4916
47200 0.5026
47300 0.4885
47386 0.5938
47400 0.4940
47500 0.4882
47600 0.4960
47700 0.4991
47737 0.5625
47800 0.4963
47900 0.4993
48000 0.4959
48088 0.6250
48100 0.4868
48200 0.4759
48300 0.4809
48400 0.4730
48439 0.5781
48500 0.4802
48600 0.4831
48700 0.4722
48790 0.6094
48800 0.4796
48900 0.4759
49000 0.4759
49100 0.4752
49141 0.6484
49200 0.4688
49300 0.4725
49400 0.4695
49492 0.4844
49500 0.4769
49600 0.4723
49700 0.4701
49800 0.4711
49843 0.5547
49900 0.47