100 0.7108
200 0.5719
300 0.4972
352 0.5391
400 0.4620
500 0.4377
600 0.4173
700 0.3977
703 0.4141
800 0.3605
900 0.3622
1000 0.3448
1054 0.3516
1100 0.3319
1200 0.3210
1300 0.3155
1400 0.3094
1405 0.3672
1500 0.2901
1600 0.2880
1700 0.2815
1756 0.3906
1800 0.2738
1900 0.2691
2000 0.2555
2100 0.2688
2107 0.3281
2200 0.2454
2300 0.2417
2400 0.2334
2458 0.4062
2500 0.2345
2600 0.2284
2700 0.2257
2800 0.2291
2809 0.2422
2900 0.2064
3000 0.2121
3100 0.2191
3160 0.3047
3200 0.2078
3300 0.2013
3400 0.2055
3500 0.2059
3511 0.2422
3600 0.1858
3700 0.1963
3800 0.1898
3862 0.2891
3900 0.1848
4000 0.1834
4100 0.1852
4200 0.1897
4213 0.2656
4300 0.1719
4400 0.1731
4500 0.1800
4564 0.2578
4600 0.1775
4700 0.1655
4800 0.1688
4900 0.1696
4915 0.2422
5000 0.1583
5100 0.1587
5200 0.1675
5266 0.3281
5300 0.1609
5400 0.1534
5500 0.1581
5600 0.1623
5617 0.2500
5700 0.1444
5800 0.1514
5900 0.1541
5968 0.2734
6000 0.1456
6100 0.1475
6200 0.1541
6300 0.1451
6319 0.2188
6400 0.1379
6500 0.1345
6600 0.1448
6670 0.2500
6700 0.1432
6800 0.1327
6900 0.1427
7000 0.1398
7021 0.2344
7100 0.1343
7200 0.1350
7300 0.1397
7372 0.2656
7400 0.1326
7500 0.1275
7600 0.1384
7700 0.1372
7723 0.2344
7800 0.1282
7900 0.1273
8000 0.1341
8074 0.1875
8100 0.1331
8200 0.1188
8300 0.1317
8400 0.1294
8425 0.1719
8500 0.1189
8600 0.1221
8700 0.1278
8776 0.2812
8800 0.1286
8900 0.1170
9000 0.1257
9100 0.1309
9127 0.2891
9200 0.1190
9300 0.1195
9400 0.1214
9478 0.2344
9500 0.1222
9600 0.1128
9700 0.1160
9800 0.1256
9829 0.2969
9900 0.1125
10000 0.1108
10100 0.1159
10180 0.2188
10200 0.1144
10300 0.1041
10400 0.1174
10500 0.1177
10531 0.1953
10600 0.1084
10700 0.1093
10800 0.1139
10882 0.1719
10900 0.1107
11000 0.1084
11100 0.1079
11200 0.1131
11233 0.2188
11300 0.1036
11400 0.1045
11500 0.1170
11584 0.1562
11600 0.1128
11700 0.1018
11800 0.1064
11900 0.1061
11935 0.1953
12000 0.1016
12100 0.1078
12200 0.0977
12286 0.2891
12300 0.1088
12400 0.0989
12500 0.1114
12600 0.1112
12637 0.1953
12700 0.1043
12800 0.1012
12900 0.1046
12988 0.2109
13000 0.1035
13100 0.0932
13200 0.1015
13300 0.1039
13339 0.2188
13400 0.1007
13500 0.0927
13600 0.1056
13690 0.2578
13700 0.0988
13800 0.0957
13900 0.1016
14000 0.1034
14041 0.1797
14100 0.0938
14200 0.0943
14300 0.0981
14392 0.2422
14400 0.1014
14500 0.0889
14600 0.1041
14700 0.1047
14743 0.1719
14800 0.0938
14900 0.1011
15000 0.1014
15094 0.2031
15100 0.0995
15200 0.0915
15300 0.0933
15400 0.0987
15445 0.1562
15500 0.0909
15600 0.0938
15700 0.0999
15796 0.2109
15800 0.0975
15900 0.0840
16000 0.0867
16100 0.1040
16147 0.2109
16200 0.0910
16300 0.0908
16400 0.0941
16498 0.2109
16500 0.0970
16600 0.0882
16700 0.0920
16800 0.0952
16849 0.2188
16900 0.0894
17000 0.0874
17100 0.0988
17200 0.1028
17200 0.2266
17300 0.0873
17400 0.0863
17500 0.0994
17551 0.1953
17600 0.0903
17700 0.0862
17800 0.0934
17900 0.0996
17902 0.2188
18000 0.0818
18100 0.0927
18200 0.0911
18253 0.1719
18300 0.0884
18400 0.0878
18500 0.0930
18600 0.0945
18604 0.2109
18700 0.0852
18800 0.0880
18900 0.0941
18955 0.1562
19000 0.0862
19100 0.0830
19200 0.0880
19300 0.0927
19306 0.1797
19400 0.0790
19500 0.0856
19600 0.0934
19657 0.2188
19700 0.0890
19800 0.0787
19900 0.0926
20000 0.0991
20008 0.2266
20100 0.0780
20200 0.0868
20300 0.0926
20359 0.2031
20400 0.0912
20500 0.0840
20600 0.0913
20700 0.0956
20710 0.2109
20800 0.0771
20900 0.0837
21000 0.0927
21061 0.2188
21100 0.0832
21200 0.0783
21300 0.0916
21400 0.0930
21412 0.2031
21500 0.0794
21600 0.0792
21700 0.0895
21763 0.1953
21800 0.0869
21900 0.0810
22000 0.0861
22100 0.0878
22114 0.1875
22200 0.0796
22300 0.0878
22400 0.0946
22465 0.2344
22500 0.0810
22600 0.0768
22700 0.0918
22800 0.0829
22816 0.2578
22900 0.0823
23000 0.0870
23100 0.0870
23167 0.2031
23200 0.0893
23300 0.0777
23400 0.0854
23500 0.0865
23518 0.2422
23600 0.0773
23700 0.0795
23800 0.0879
23869 0.2188
23900 0.0885
24000 0.0792
24100 0.0840
24200 0.0883
24220 0.2422
24300 0.0809
24400 0.0819
24500 0.0830
24571 0.1641
24600 0.0804
24700 0.0741
24800 0.0813
24900 0.0784
24922 0.1875
25000 0.0682
25100 0.0766
25200 0.0821
25273 0.1797
25300 0.0809
25400 0.0783
25500 0.0795
25600 0.0847
25624 0.1875
25700 0.0727
25800 0.0797
25900 0.0832
25975 0.1172
26000 0.0832
26100 0.0695
26200 0.0789
26300 0.0893
26326 0.1641
26400 0.0716
26500 0.0750
26600 0.0841
26677 0.2266
26700 0.0836
26800 0.0715
26900 0.0805
27000 0.0803
27028 0.1250
27100 0.0655
27200 0.0772
27300 0.0816
27379 0.2109
27400 0.0831
27500 0.0697
27600 0.0813
27700 0.0851
27730 0.1484
27800 0.0744
27900 0.0734
28000 0.0781
28081 0.2266
28100 0.0782
28200 0.0677
28300 0.0800
28400 0.0837
28432 0.2188
28500 0.0728
28600 0.0828
28700 0.0884
28783 0.1797
28800 0.0817
28900 0.0697
29000 0.0800
29100 0.0759
29134 0.1562
29200 0.0759
29300 0.0713
29400 0.0795
29485 0.2344
29500 0.0787
29600 0.0721
29700 0.0794
29800 0.0857
29836 0.2266
29900 0.0802
30000 0.0775
30100 0.0799
30187 0.1719
30200 0.0804
30300 0.0707
30400 0.0757
30500 0.0781
30538 0.2422
30600 0.0700
30700 0.0714
30800 0.0735
30889 0.1797
30900 0.0819
31000 0.0730
31100 0.0805
31200 0.0801
31240 0.2188
31300 0.0721
31400 0.0673
31500 0.0766
31591 0.1797
31600 0.0796
31700 0.0709
31800 0.0761
31900 0.0861
31942 0.2109
32000 0.0723
32100 0.0546
32200 0.0415
32293 0.1484
32300 0.0338
32400 0.0316
32500 0.0283
32600 0.0281
32644 0.1797
32700 0.0262
32800 0.0237
32900 0.0240
32995 0.1719
33000 0.0239
33100 0.0191
33200 0.0199
33300 0.0213
33346 0.1641
33400 0.0207
33500 0.0184
33600 0.0209
33697 0.1719
33700 0.0183
33800 0.0161
33900 0.0165
34000 0.0180
34048 0.1250
34100 0.0162
34200 0.0149
34300 0.0170
34399 0.1562
34400 0.0152
34500 0.0127
34600 0.0171
34700 0.0159
34750 0.1016
34800 0.0134
34900 0.0127
35000 0.0155
35100 0.0140
35101 0.2266
35200 0.0130
35300 0.0129
35400 0.0126
35452 0.1797
35500 0.0118
35600 0.0114
35700 0.0130
35800 0.0141
35803 0.1250
35900 0.0106
36000 0.0127
36100 0.0130
36154 0.1719
36200 0.0125
36300 0.0120
36400 0.0106
36500 0.0113
36505 0.1953
36600 0.0116
36700 0.0116
36800 0.0112
36856 0.1484
36900 0.0109
37000 0.0110
37100 0.0111
37200 0.0102
37207 0.1875
37300 0.0103
37400 0.0094
37500 0.0109
37558 0.2109
37600 0.0106
37700 0.0105
37800 0.0094
37900 0.0094
37909 0.1406
38000 0.0098
38100 0.0091
38200 0.0085
38260 0.1484
38300 0.0089
38400 0.0082
38500 0.0102
38600 0.0084
38611 0.1875
38700 0.0091
38800 0.0084
38900 0.0084
38962 0.2266
39000 0.0093
39100 0.0084
39200 0.0083
39300 0.0084
39313 0.1797
39400 0.0098
39500 0.0084
39600 0.0081
39664 0.1484
39700 0.0075
39800 0.0069
39900 0.0082
40000 0.0073
40015 0.1719
40100 0.0091
40200 0.0102
40300 0.0077
40366 0.1328
40400 0.0084
40500 0.0077
40600 0.0088
40700 0.0077
40717 0.1562
40800 0.0066
40900 0.0082
41000 0.0076
41068 0.1484
41100 0.0075
41200 0.0085
41300 0.0081
41400 0.0080
41419 0.1406
41500 0.0075
41600 0.0073
41700 0.0067
41770 0.1875
41800 0.0077
41900 0.0077
42000 0.0070
42100 0.0088
42121 0.1797
42200 0.0072
42300 0.0080
42400 0.0077
42472 0.2109
42500 0.0065
42600 0.0074
42700 0.0077
42800 0.0070
42823 0.1406
42900 0.0062
43000 0.0069
43100 0.0059
43174 0.1484
43200 0.0075
43300 0.0063
43400 0.0076
43500 0.0076
43525 0.1484
43600 0.0055
43700 0.0068
43800 0.0059
43876 0.2266
43900 0.0048
44000 0.0061
44100 0.0064
44200 0.0075
44227 0.1641
44300 0.0078
44400 0.0058
44500 0.0053
44578 0.1328
44600 0.0057
44700 0.0055
44800 0.0061
44900 0.0066
44929 0.1719
45000 0.0065
45100 0.0069
45200 0.0055
45280 0.0938
45300 0.0056
45400 0.0062
45500 0.0048
45600 0.0068
45631 0.1953
45700 0.0059
45800 0.0073
45900 0.0063
45982 0.1719
46000 0.0054
46100 0.0062
46200 0.0064
46300 0.0048
46333 0.2031
46400 0.0056
46500 0.0052
46600 0.0062
46684 0.1328
46700 0.0044
46800 0.0058
46900 0.0067
47000 0.0052
47035 0.0938
47100 0.0049
47200 0.0064
47300 0.0056
47386 0.1250
47400 0.0058
47500 0.0061
47600 0.0054
47700 0.0059
47737 0.1719
47800 0.0047
47900 0.0054
48000 0.0052
48088 0.1797
48100 0.0049
48200 0.0059
48300 0.0045
48400 0.0055
48439 0.1562
48500 0.0051
48600 0.0056
48700 0.0050
48790 0.1094
48800 0.0049
48900 0.0046
49000 0.0051
49100 0.0047
49141 0.1250
49200 0.0051
49300 0.0046
49400 0.0058
49492 0.1719
49500 0.0048
49600 0.0047
49700 0.0064
49800 0.0041
49843 0.1562
49900 0.0043
50000 0.0049
50100 0.0046
50194 0.1484
50200 0.0048
50300 0.0048
50400 0.0044
50500 0.0038
50545 0.2031
50600 0.0048
50700 0.0047
50800 0.0059
50896 0.1875
50900 0.0041
51000 0.0046
51100 0.0041
51200 0.0038
51247 0.1328
51300 0.0046
51400 0.0040
51500 0.0039
51598 0.1719
51600 0.0045
51700 0.0045
51800 0.0045
51900 0.0038
51949 0.2266
52000 0.0041
52100 0.0055
52200 0.0029
52300 0.0052
52300 0.1016
52400 0.0045
52500 0.0038
52600 0.0048
52651 0.0938
52700 0.0046
52800 0.0043
52900 0.0053
53000 0.0048
53002 0.1641
53100 0.0045
53200 0.0045
53300 0.0035
53353 0.1406
53400 0.0047
53500 0.0046
53600 0.0041
53700 0.0049
53704 0.1328
53800 0.0045
53900 0.0044
54000 0.0036
54055 0.1328
54100 0.0050
54200 0.0040
54300 0.0052
54400 0.0055
54406 0.1875
54500 0.0042
54600 0.0038
54700 0.0035
54757 0.1406
54800 0.0036
54900 0.0038
55000 0.0045
55100 0.0049
55108 0.2188
55200 0.0043
55300 0.0040
55400 0.0047
55459 0.2109
55500 0.0040
55600 0.0038
55700 0.0042
55800 0.0043
55810 0.1406
55900 0.0044
56000 0.0044
56100 0.0044
56161 0.1875
56200 0.0038
56300 0.0041
56400 0.0042
56500 0.0044
56512 0.1797
56600 0.0052
56700 0.0052
56800 0.0042
56863 0.1641
56900 0.0041
57000 0.0052
57100 0.0044
57200 0.0043
57214 0.1719
57300 0.0054
57400 0.0044
57500 0.0044
57565 0.2109
57600 0.0052
57700 0.0038
57800 0.0041
57900 0.0041
57916 0.1172
58000 0.0044
58100 0.0043
58200 0.0044
58267 0.1797
58300 0.0040
58400 0.0044
58500 0.0035
58600 0.0037
58618 0.1875
58700 0.0045
58800 0.0043
58900 0.0040
58969 0.1562
59000 0.0052
59100 0.0052
59200 0.0041
59300 0.0046
59320 0.2109
59400 0.0047
59500 0.0045
59600 0.0048
59671 0.1484
59700 0.0041
59800 0.0046
59900 0.0031
60000 0.0047
60022 0.1719
60100 0.0043
60200 0.0045
60300 0.0041
60373 0.1797
60400 0.0035
60500 0.0040
60600 0.0043
60700 0.0047
60724 0.1484
60800 0.0045
60900 0.0048
61000 0.0047
61075 0.1641
61100 0.0049
61200 0.0036
61300 0.0039
61400 0.0032
61426 0.1562
61500 0.0040
61600 0.0041
61700 0.0027
61777 0.1719
61800 0.0039
61900 0.0035
62000 0.0042
62100 0.0034
62128 0.1953
62200 0.0041
62300 0.0045
62400 0.0032
62479 0.1016
62500 0.0047
62600 0.0043
62700 0.0036
62800 0.0045
62830 0.1094
62900 0.0027
63000 0.0050
63100 0.0041
63181 0.1797
63200 0.0041
63300 0.0045
63400 0.0050
63500 0.0043
63532 0.1797
63600 0.0047
63700 0.0039
63800 0.0042
63883 0.1484
63900 0.0034
64000 0.0042
