100 0.6566
200 0.5283
300 0.4712
352 0.4531
400 0.4112
500 0.3978
600 0.3642
700 0.3557
703 0.3516
800 0.3168
900 0.3145
1000 0.2982
1054 0.2422
1100 0.2902
1200 0.2802
1300 0.2688
1400 0.2692
1405 0.3125
1500 0.2491
1600 0.2447
1700 0.2461
1756 0.3125
1800 0.2332
1900 0.2241
2000 0.2315
2100 0.2262
2107 0.3672
2200 0.2048
2300 0.2144
2400 0.2121
2458 0.2578
2500 0.2063
2600 0.1958
2700 0.1998
2800 0.1916
2809 0.2734
2900 0.1835
3000 0.1884
3100 0.1873
3160 0.2734
3200 0.1809
3300 0.1744
3400 0.1836
3500 0.1826
3511 0.2344
3600 0.1645
3700 0.1674
3800 0.1791
3862 0.2578
3900 0.1706
4000 0.1608
4100 0.1612
4200 0.1718
4213 0.2656
4300 0.1552
4400 0.1577
4500 0.1607
4564 0.2344
4600 0.1548
4700 0.1495
4800 0.1514
4900 0.1609
4915 0.2422
5000 0.1477
5100 0.1496
5200 0.1479
5266 0.2891
5300 0.1416
5400 0.1348
5500 0.1464
5600 0.1488
5617 0.2266
5700 0.1287
5800 0.1378
5900 0.1477
5968 0.2422
6000 0.1348
6100 0.1261
6200 0.1430
6300 0.1384
6319 0.1406
6400 0.1252
6500 0.1281
6600 0.1351
6670 0.2109
6700 0.1292
6800 0.1213
6900 0.1276
7000 0.1318
7021 0.2500
7100 0.1223
7200 0.1273
7300 0.1314
7372 0.2188
7400 0.1256
7500 0.1133
7600 0.1209
7700 0.1346
7723 0.1406
7800 0.1135
7900 0.1137
8000 0.1203
8074 0.2031
8100 0.1209
8200 0.1120
8300 0.1173
8400 0.1245
8425 0.2188
8500 0.1082
8600 0.1192
8700 0.1204
8776 0.2422
8800 0.1155
8900 0.1095
9000 0.1120
9100 0.1174
9127 0.2109
9200 0.1098
9300 0.1098
9400 0.1070
9478 0.2500
9500 0.1151
9600 0.1024
9700 0.1073
9800 0.1135
9829 0.2188
9900 0.0965
10000 0.1021
10100 0.1136
10180 0.2344
10200 0.1094
10300 0.0932
10400 0.1052
10500 0.1131
10531 0.2422
10600 0.0950
10700 0.0950
10800 0.1066
10882 0.1484
10900 0.1011
11000 0.0960
11100 0.0954
11200 0.1009
11233 0.2109
11300 0.1054
11400 0.1005
11500 0.0954
11584 0.2891
11600 0.1009
11700 0.0891
11800 0.0952
11900 0.1020
11935 0.1406
12000 0.0956
12100 0.0925
12200 0.1005
12286 0.2578
12300 0.1007
12400 0.0870
12500 0.0968
12600 0.0937
12637 0.1562
12700 0.0891
12800 0.0870
12900 0.1005
12988 0.2266
13000 0.0956
13100 0.0831
13200 0.0937
13300 0.0959
13339 0.2188
13400 0.0857
13500 0.0845
13600 0.0937
13690 0.2578
13700 0.0938
13800 0.0820
13900 0.0882
14000 0.0975
14041 0.2188
14100 0.0870
14200 0.0844
14300 0.0910
14392 0.2422
14400 0.0950
14500 0.0817
14600 0.0860
14700 0.0916
14743 0.2266
14800 0.0928
14900 0.0837
15000 0.0878
15094 0.2109
15100 0.0904
15200 0.0807
15300 0.0855
15400 0.0903
15445 0.2578
15500 0.0883
15600 0.0827
15700 0.0839
15796 0.2109
15800 0.0866
15900 0.0763
16000 0.0838
16100 0.0859
16147 0.1719
16200 0.0790
16300 0.0764
16400 0.0844
16498 0.2500
16500 0.0930
16600 0.0777
16700 0.0830
16800 0.0852
16849 0.1875
16900 0.0834
17000 0.0763
17100 0.0839
17200 0.0869
17200 0.1797
17300 0.0742
17400 0.0843
17500 0.0834
17551 0.2734
17600 0.0830
17700 0.0790
17800 0.0830
17900 0.0855
17902 0.1875
18000 0.0767
18100 0.0791
18200 0.0866
18253 0.2188
18300 0.0808
18400 0.0806
18500 0.0834
18600 0.0856
18604 0.1797
18700 0.0705
18800 0.0834
18900 0.0859
18955 0.2188
19000 0.0742
19100 0.0773
19200 0.0802
19300 0.0846
19306 0.1797
19400 0.0764
19500 0.0757
19600 0.0829
19657 0.2109
19700 0.0830
19800 0.0753
19900 0.0803
20000 0.0834
20008 0.2031
20100 0.0709
20200 0.0763
20300 0.0819
20359 0.2188
20400 0.0813
20500 0.0708
20600 0.0799
20700 0.0868
20710 0.2188
20800 0.0723
20900 0.0767
21000 0.0741
21061 0.1797
21100 0.0745
21200 0.0702
21300 0.0768
21400 0.0788
21412 0.2109
21500 0.0700
21600 0.0717
21700 0.0755
21763 0.2500
21800 0.0732
21900 0.0765
22000 0.0719
22100 0.0778
22114 0.2812
22200 0.0714
22300 0.0697
22400 0.0768
22465 0.2266
22500 0.0809
22600 0.0662
22700 0.0761
22800 0.0802
22816 0.1719
22900 0.0698
23000 0.0713
23100 0.0827
23167 0.2031
23200 0.0788
23300 0.0682
23400 0.0732
23500 0.0728
23518 0.2188
23600 0.0612
23700 0.0718
23800 0.0748
23869 0.2031
23900 0.0717
24000 0.0699
24100 0.0774
24200 0.0806
24220 0.1562
24300 0.0665
24400 0.0714
24500 0.0705
24571 0.2031
24600 0.0796
24700 0.0671
24800 0.0747
24900 0.0746
24922 0.1406
25000 0.0630
25100 0.0702
25200 0.0741
25273 0.2578
25300 0.0737
25400 0.0641
25500 0.0643
25600 0.0803
25624 0.2031
25700 0.0680
25800 0.0725
25900 0.0738
25975 0.1484
26000 0.0714
26100 0.0622
26200 0.0717
26300 0.0830
26326 0.1797
26400 0.0675
26500 0.0702
26600 0.0722
26677 0.2109
26700 0.0747
26800 0.0638
26900 0.0673
27000 0.0745
27028 0.1719
27100 0.0681
27200 0.0660
27300 0.0696
27379 0.2422
27400 0.0752
27500 0.0665
27600 0.0777
27700 0.0787
27730 0.1484
27800 0.0693
27900 0.0645
28000 0.0745
28081 0.2344
28100 0.0712
28200 0.0634
28300 0.0680
28400 0.0723
28432 0.1875
28500 0.0656
28600 0.0680
28700 0.0695
28783 0.1875
28800 0.0758
28900 0.0647
29000 0.0720
29100 0.0761
29134 0.2656
29200 0.0723
29300 0.0705
29400 0.0686
29485 0.1953
29500 0.0792
29600 0.0655
29700 0.0633
29800 0.0730
29836 0.1094
29900 0.0709
30000 0.0665
30100 0.0729
30187 0.1875
30200 0.0779
30300 0.0626
30400 0.0663
30500 0.0709
30538 0.2031
30600 0.0642
30700 0.0728
30800 0.0745
30889 0.2188
30900 0.0730
31000 0.0607
31100 0.0645
31200 0.0692
31240 0.1641
31300 0.0633
31400 0.0666
31500 0.0615
31591 0.2266
31600 0.0706
31700 0.0588
31800 0.0670
31900 0.0727
31942 0.2188
32000 0.0668
32100 0.0431
32200 0.0356
32293 0.1484
32300 0.0334
32400 0.0258
32500 0.0234
32600 0.0251
32644 0.1641
32700 0.0216
32800 0.0193
32900 0.0212
32995 0.1719
33000 0.0212
33100 0.0188
33200 0.0187
33300 0.0180
33346 0.1250
33400 0.0184
33500 0.0176
33600 0.0199
33697 0.1797
33700 0.0157
33800 0.0148
33900 0.0162
34000 0.0154
34048 0.1562
34100 0.0134
34200 0.0151
34300 0.0130
34399 0.1797
34400 0.0153
34500 0.0130
34600 0.0141
34700 0.0143
34750 0.1875
34800 0.0122
34900 0.0141
35000 0.0138
35100 0.0136
35101 0.1797
35200 0.0108
35300 0.0109
35400 0.0116
35452 0.1562
35500 0.0123
35600 0.0131
35700 0.0120
35800 0.0130
35803 0.1406
35900 0.0116
36000 0.0103
36100 0.0114
36154 0.2188
36200 0.0113
36300 0.0105
36400 0.0112
36500 0.0105
36505 0.1406
36600 0.0109
36700 0.0112
36800 0.0109
36856 0.1172
36900 0.0093
37000 0.0116
37100 0.0099
37200 0.0116
37207 0.1484
37300 0.0088
37400 0.0096
37500 0.0103
37558 0.1641
37600 0.0102
37700 0.0091
37800 0.0098
37900 0.0106
37909 0.1797
38000 0.0091
38100 0.0089
38200 0.0096
38260 0.1719
38300 0.0074
38400 0.0084
38500 0.0078
38600 0.0098
38611 0.1641
38700 0.0073
38800 0.0086
38900 0.0088
38962 0.2109
39000 0.0086
39100 0.0079
39200 0.0086
39300 0.0105
39313 0.2109
39400 0.0084
39500 0.0096
39600 0.0081
39664 0.1406
39700 0.0077
39800 0.0076
39900 0.0091
40000 0.0095
40015 0.1172
40100 0.0092
40200 0.0081
40300 0.0087
40366 0.1641
40400 0.0077
40500 0.0080
40600 0.0084
40700 0.0077
40717 0.1719
40800 0.0080
40900 0.0077
41000 0.0088
41068 0.1641
41100 0.0088
41200 0.0067
41300 0.0072
41400 0.0076
41419 0.1641
41500 0.0066
41600 0.0070
41700 0.0062
41770 0.1641
41800 0.0075
41900 0.0055
42000 0.0070
42100 0.0077
42121 0.1250
42200 0.0066
42300 0.0062
42400 0.0073
42472 0.1328
42500 0.0066
42600 0.0059
42700 0.0075
42800 0.0070
42823 0.1484
42900 0.0067
43000 0.0070
43100 0.0068
43174 0.1953
43200 0.0083
43300 0.0075
43400 0.0065
43500 0.0077
43525 0.1406
43600 0.0065
43700 0.0073
43800 0.0076
43876 0.1172
43900 0.0053
44000 0.0050
44100 0.0066
44200 0.0073
44227 0.1719
44300 0.0066
44400 0.0064
44500 0.0060
44578 0.2422
44600 0.0062
44700 0.0054
44800 0.0041
44900 0.0057
44929 0.1484
45000 0.0053
45100 0.0072
45200 0.0071
45280 0.1406
45300 0.0053
45400 0.0046
45500 0.0061
45600 0.0059
45631 0.1406
45700 0.0050
45800 0.0051
45900 0.0061
45982 0.1484
46000 0.0062
46100 0.0068
46200 0.0055
46300 0.0058
46333 0.1406
46400 0.0059
46500 0.0066
46600 0.0059
46684 0.1719
46700 0.0051
46800 0.0045
46900 0.0072
47000 0.0068
47035 0.1328
47100 0.0066
47200 0.0052
47300 0.0055
47386 0.1875
47400 0.0052
47500 0.0058
47600 0.0074
47700 0.0070
47737 0.1562
47800 0.0050
47900 0.0066
48000 0.0056
48088 0.1641
48100 0.0065
48200 0.0047
48300 0.0059
48400 0.0061
48439 0.1328
48500 0.0052
48600 0.0047
48700 0.0054
48790 0.2031
48800 0.0040
48900 0.0052
49000 0.0048
49100 0.0065
49141 0.2031
49200 0.0056
49300 0.0052
49400 0.0052
49492 0.1250
49500 0.0034
49600 0.0041
49700 0.0059
49800 0.0050
49843 0.1953
49900 0.0052
50000 0.0055
50100 0.0051
50194 0.1484
50200 0.0052
50300 0.0043
50400 0.0040
50500 0.0055
50545 0.1406
50600 0.0041
50700 0.0051
50800 0.0041
50896 0.1641
50900 0.0052
51000 0.0042
51100 0.0041
51200 0.0054
51247 0.1016
51300 0.0052
51400 0.0048
51500 0.0049
51598 0.2109
51600 0.0042
51700 0.0051
51800 0.0048
51900 0.0052
51949 0.1250
52000 0.0044
52100 0.0058
52200 0.0055
52300 0.0047
52300 0.1641
52400 0.0039
52500 0.0046
52600 0.0038
52651 0.1562
52700 0.0044
52800 0.0048
52900 0.0051
53000 0.0059
53002 0.1328
53100 0.0037
53200 0.0038
53300 0.0060
53353 0.1328
53400 0.0047
53500 0.0038
53600 0.0048
53700 0.0041
53704 0.1953
53800 0.0048
53900 0.0040
54000 0.0045
54055 0.2109
54100 0.0044
54200 0.0053
54300 0.0045
54400 0.0052
54406 0.1875
54500 0.0044
54600 0.0046
54700 0.0051
54757 0.1250
54800 0.0052
54900 0.0046
55000 0.0042
55100 0.0058
55108 0.1328
55200 0.0038
55300 0.0052
55400 0.0046
55459 0.1641
55500 0.0048
55600 0.0048
55700 0.0050
55800 0.0047
55810 0.1875
55900 0.0053
56000 0.0038
56100 0.0045
56161 0.1953
56200 0.0040
56300 0.0045
56400 0.0048
56500 0.0050
56512 0.1953
56600 0.0042
56700 0.0048
56800 0.0034
56863 0.1250
56900 0.0044
57000 0.0047
57100 0.0050
57200 0.0040
57214 0.1875
57300 0.0052
57400 0.0045
57500 0.0049
57565 0.1406
57600 0.0052
57700 0.0046
57800 0.0041
57900 0.0043
57916 0.1953
58000 0.0041
58100 0.0046
58200 0.0045
58267 0.1484
58300 0.0048
58400 0.0049
58500 0.0046
58600 0.0049
58618 0.1797
58700 0.0055
58800 0.0038
58900 0.0048
58969 0.1562
59000 0.0038
59100 0.0035
59200 0.0034
59300 0.0051
59320 0.1562
59400 0.0040
59500 0.0042
59600 0.0047
59671 0.1797
59700 0.0050
59800 0.0042
59900 0.0039
60000 0.0045
60022 0.0703
60100 0.0042
60200 0.0048
60300 0.0036
60373 0.1094
60400 0.0041
60500 0.0040
60600 0.0044
60700 0.0047
60724 0.1953
60800 0.0042
60900 0.0045
61000 0.0043
61075 0.1641
61100 0.0052
61200 0.0039
61300 0.0048
61400 0.0043
61426 0.1406
61500 0.0054
61600 0.0040
61700 0.0052
61777 0.1562
61800 0.0041
61900 0.0051
62000 0.0039
62100 0.0038
62128 0.1172
62200 0.0050
62300 0.0045
62400 0.0039
62479 0.0859
62500 0.0043
62600 0.0045
62700 0.0048
62800 0.0044
62830 0.1406
62900 0.0052
63000 0.0039
63100 0.0042
63181 0.1172
63200 0.0042
63300 0.0045
63400 0.0038
63500 0.0040
63532 0.2031
63600 0.0037
63700 0.0043
63800 0.0043
63883 0.1250
63900 0.0055
64000 0.0051
