10 3.3499
20 3.7976
30 3.7171
40 3.4452
50 3.3575
60 3.2260
70 3.0806
80 2.9108
90 2.8954
100 2.9605
110 2.8909
120 3.3225
130 3.0860
140 2.9708
150 2.8782
160 2.8106
170 2.8230
180 2.6098
190 2.7597
200 2.7916
210 2.7263
220 2.5156
230 2.8441
240 2.6224
250 2.5863
260 2.6168
270 2.9490
280 2.7781
290 2.4475
300 2.4271
310 2.5149
320 2.6620
330 2.5854
340 2.6003
350 2.4719
360 2.6093
370 2.5102
380 2.5282
390 2.6288
400 2.6781
410 2.5406
420 2.4757
430 2.5304
440 2.4529
450 2.4829
460 2.6515
470 2.5748
480 2.4364
490 2.4408
500 2.5751
510 2.5064
520 2.6925
530 2.5322
540 2.5082
550 2.4499
560 2.3878
570 2.4559
580 2.5352
590 2.5635
600 2.4652
610 2.4979
620 2.3985
630 2.5501
640 2.4320
650 2.4576
660 2.5171
670 2.4464
680 2.5278
690 2.4972
700 2.4502
710 2.4313
720 2.4865
730 2.4703
740 2.5716
750 2.4194
760 2.5792
770 2.4605
780 2.4765
790 2.4576
800 2.4792
810 2.4916
820 2.3114
830 2.4734
840 2.4472
850 2.3642
860 2.4167
870 2.4279
880 2.3374
890 2.4238
900 2.4636
910 2.4018
920 2.5176
