100 0.6880
200 0.5755
300 0.5008
400 0.4478
500 0.4265
600 0.3969
700 0.3759
800 0.3512
900 0.3430
1000 0.3348
1100 0.3134
1200 0.3041
1300 0.3057
1400 0.2985
1500 0.2860
1600 0.2786
1700 0.2735
1800 0.2685
1900 0.2584
2000 0.2570
2100 0.2599
2200 0.2477
2300 0.2411
2400 0.2425
2500 0.2334
2600 0.2360
2700 0.2270
2800 0.2254
2900 0.2254
3000 0.2211
3100 0.2154
3200 0.2110
3300 0.2123
3400 0.2018
3500 0.2120
3600 0.2005
3700 0.2094
3800 0.2059
3900 0.2004
4000 0.1975
4100 0.1999
4200 0.1941
4300 0.1905
4400 0.1874
4500 0.1928
4600 0.1863
4700 0.1892
4800 0.1845
4900 0.1912
5000 0.1778
5100 0.1863
5200 0.1863
5300 0.1826
5400 0.1751
5500 0.1761
5600 0.1823
5700 0.1758
5800 0.1721
5900 0.1786
6000 0.1701
6100 0.1720
6200 0.1654
6300 0.1779
6400 0.1698
6500 0.1599
6600 0.1636
6700 0.1641
6800 0.1702
6900 0.1657
7000 0.1622
7100 0.1577
7200 0.1614
7300 0.1680
7400 0.1594
7500 0.1626
7600 0.1518
7700 0.1541
7800 0.1546
7900 0.1576
8000 0.1606
8100 0.1461
8200 0.1509
8300 0.1495
8400 0.1547
8500 0.1545
8600 0.1531
8700 0.1573
8800 0.1541
8900 0.1499
9000 0.1460
9100 0.1496
9200 0.1444
9300 0.1427
9400 0.1502
9500 0.1527
9600 0.1405
9700 0.1455
9800 0.1468
9900 0.1452
10000 0.1449
10100 0.1474
10200 0.1373
10300 0.1373
10400 0.1421
10500 0.1478
10600 0.1367
10700 0.1414
10800 0.1438
10900 0.1460
11000 0.1344
11100 0.1438
11200 0.1407
11300 0.1362
11400 0.1407
11500 0.1404
11600 0.1395
11700 0.1372
11800 0.1375
11900 0.1417
12000 0.1361
12100 0.1316
12200 0.1445
12300 0.1355
12400 0.1312
12500 0.1326
12600 0.1379
12700 0.1341
12800 0.1380
12900 0.1416
13000 0.1330
13100 0.1284
13200 0.1386
13300 0.1311
13400 0.1261
13500 0.1308
13600 0.1348
13700 0.1376
13800 0.1268
13900 0.1391
14000 0.1296
14100 0.1283
14200 0.1314
14300 0.1327
14400 0.1298
14500 0.1265
14600 0.1299
14700 0.1284
14800 0.1277
14900 0.1284
15000 0.1334
15100 0.1222
15200 0.1213
15300 0.1314
15400 0.1324
15500 0.1238
15600 0.1262
15700 0.1308
15800 0.1252
15900 0.1264
16000 0.1286
16100 0.1316
16200 0.1276
16300 0.1269
16400 0.1277
16500 0.1265
16600 0.1262
16700 0.1259
16800 0.1284
16900 0.1250
17000 0.1278
17100 0.1308
17200 0.1259
17200 0.1466
17300 0.1156
17400 0.1259
17500 0.1277
17600 0.1252
17700 0.1183
17800 0.1286
17900 0.1351
18000 0.1159
18100 0.1236
18200 0.1295
18300 0.1249
18400 0.1223
18500 0.1203
18600 0.1243
18700 0.1139
18800 0.1249
18900 0.1229
19000 0.1222
19100 0.1239
19200 0.1213
19300 0.1275
19400 0.1211
19500 0.1198
19600 0.1283
19700 0.1183
19800 0.1185
19900 0.1227
20000 0.1245
20100 0.1177
20200 0.1213
20300 0.1212
20400 0.1167
20500 0.1198
20600 0.1226
20700 0.1222
20800 0.1181
20900 0.1169
21000 0.1179
21100 0.1148
21200 0.1201
21300 0.1184
21400 0.1215
21500 0.1110
21600 0.1203
21700 0.1182
21800 0.1241
21900 0.1152
22000 0.1159
22100 0.1151
22200 0.1123
22300 0.1148
22400 0.1197
22500 0.1140
22600 0.1179
22700 0.1191
22800 0.1178
22900 0.1188
23000 0.1211
23100 0.1171
23200 0.1184
23300 0.1141
23400 0.1126
23500 0.1228
23600 0.1148
23700 0.1148
23800 0.1197
23900 0.1123
24000 0.1163
24100 0.1154
24200 0.1214
24300 0.1123
24400 0.1135
24500 0.1131
24600 0.1133
24700 0.1152
24800 0.1167
24900 0.1123
25000 0.1125
25100 0.1138
25200 0.1187
25300 0.1126
25400 0.1090
25500 0.1166
25600 0.1165
25700 0.1108
25800 0.1114
25900 0.1157
26000 0.1136
26100 0.1086
26200 0.1138
26300 0.1153
26400 0.1120
26500 0.1120
26600 0.1123
26700 0.1091
26800 0.1051
26900 0.1186
27000 0.1156
27100 0.1072
27200 0.1147
27300 0.1118
27400 0.1114
27500 0.1105
27600 0.1104
27700 0.1155
27800 0.1053
27900 0.1128
28000 0.1118
28100 0.1191
28200 0.1105
28300 0.1138
28400 0.1118
28500 0.1130
28600 0.1110
28700 0.1095
28800 0.1137
28900 0.1095
29000 0.1147
29100 0.1135
29200 0.1084
29300 0.1105
29400 0.1145
29500 0.1136
29600 0.1086
29700 0.1124
29800 0.1190
29900 0.1070
30000 0.1137
30100 0.1064
30200 0.1111
30300 0.1058
30400 0.1133
30500 0.1099
30600 0.1061
30700 0.1062
30800 0.1118
30900 0.1144
31000 0.1068
31100 0.1070
31200 0.1091
31300 0.1085
31400 0.1080
31500 0.1152
31600 0.1137
31700 0.1016
31800 0.1087
31900 0.1072
32000 0.1066
32100 0.0863
32200 0.0767
32300 0.0769
32400 0.0702
32500 0.0655
32600 0.0693
32700 0.0637
32800 0.0656
32900 0.0663
33000 0.0627
33100 0.0605
33200 0.0610
33300 0.0604
33400 0.0608
33500 0.0613
33600 0.0611
33700 0.0541
33800 0.0578
33900 0.0601
34000 0.0591
34100 0.0553
34200 0.0567
34300 0.0528
34400 0.0569
34500 0.0555
34600 0.0558
34700 0.0541
34800 0.0579
34900 0.0556
35000 0.0523
35100 0.0509
35200 0.0516
35300 0.0525
35400 0.0530
35500 0.0500
35600 0.0494
35700 0.0517
35800 0.0553
35900 0.0534
36000 0.0487
36100 0.0520
36200 0.0503
36300 0.0509
36400 0.0505
36500 0.0511
36600 0.0496
36700 0.0513
36800 0.0466
36900 0.0502
37000 0.0484
37100 0.0502
37200 0.0495
37300 0.0470
37400 0.0494
37500 0.0470
37600 0.0481
37700 0.0475
37800 0.0512
37900 0.0491
38000 0.0480
38100 0.0456
38200 0.0497
38300 0.0472
38400 0.0438
38500 0.0485
38600 0.0490
38700 0.0421
38800 0.0444
38900 0.0474
39000 0.0462
39100 0.0454
39200 0.0479
39300 0.0476
39400 0.0449
39500 0.0423
39600 0.0466
39700 0.0454
39800 0.0395
39900 0.0447
40000 0.0481
40100 0.0451
40200 0.0459
40300 0.0430
40400 0.0462
40500 0.0443
40600 0.0421
40700 0.0462
40800 0.0413
40900 0.0472
41000 0.0444
41100 0.0417
41200 0.0416
41300 0.0416
41400 0.0431
41500 0.0442
41600 0.0401
41700 0.0430
41800 0.0455
41900 0.0445
42000 0.0425
42100 0.0422
42200 0.0413
42300 0.0427
42400 0.0448
42500 0.0375
42600 0.0419
42700 0.0432
42800 0.0443
42900 0.0362
43000 0.0399
43100 0.0416
43200 0.0431
43300 0.0383
43400 0.0425
43500 0.0449
43600 0.0384
43700 0.0412
43800 0.0416
43900 0.0405
44000 0.0419
44100 0.0402
44200 0.0378
44300 0.0377
44400 0.0380
44500 0.0398
44600 0.0430
44700 0.0375
44800 0.0427
44900 0.0372
45000 0.0387
45100 0.0402
45200 0.0415
45300 0.0413
45400 0.0367
45500 0.0412
45600 0.0395
45700 0.0348
45800 0.0381
45900 0.0408
46000 0.0405
46100 0.0362
46200 0.0394
46300 0.0393
46400 0.0380
46500 0.0411
46600 0.0417
46700 0.0391
46800 0.0380
46900 0.0388
47000 0.0415
47100 0.0375
47200 0.0380
47300 0.0377
47400 0.0418
47500 0.0374
47600 0.0373
47700 0.0366
47800 0.0385
47900 0.0389
48000 0.0360
48100 0.0316
48200 0.0323
48300 0.0352
48400 0.0341
48500 0.0328
48600 0.0322
48700 0.0328
48800 0.0337
48900 0.0328
49000 0.0335
49100 0.0328
49200 0.0333
49300 0.0313
49400 0.0327
49500 0.0307
49600 0.0317
49700 0.0321
49800 0.0328
49900 0.0327
50000 0.0302
50100 0.0307
50200 0.0333
50300 0.0334
50400 0.0332
50500 0.0314
50600 0.0324
50700 0.0327
50800 0.0312
50900 0.0338
51000 0.0309
51100 0.0305
51200 0.0315
51300 0.0324
51400 0.0320
51500 0.0306
51600 0.0317
51700 0.0320
51800 0.0316
51900 0.0320
52000 0.0328
52100 0.0322
52200 0.0334
52300 0.0323
52400 0.0301
52500 0.0314
52600 0.0328
52700 0.0302
52800 0.0322
52900 0.0291
53000 0.0353
53100 0.0334
53200 0.0320
53300 0.0298
53400 0.0312
53500 0.0329
53600 0.0324
53700 0.0315
53800 0.0312
53900 0.0314
54000 0.0321
54100 0.0307
54200 0.0310
54300 0.0326
54400 0.0298
54500 0.0283
54600 0.0289
54700 0.0315
54800 0.0317
54900 0.0316
55000 0.0330
55100 0.0334
55200 0.0309
55300 0.0299
55400 0.0296
55500 0.0285
55600 0.0290
55700 0.0301
55800 0.0315
55900 0.0282
56000 0.0321
56100 0.0325
56200 0.0351
56300 0.0298
56400 0.0298
56500 0.0300
56600 0.0319
56700 0.0323
56800 0.0301
56900 0.0313
57000 0.0294
57100 0.0317
57200 0.0313
57300 0.0320
57400 0.0273
57500 0.0316
57600 0.0295
57700 0.0291
57800 0.0277
57900 0.0310
58000 0.0294
58100 0.0324
58200 0.0287
58300 0.0299
58400 0.0307
58500 0.0281
58600 0.0303
58700 0.0298
58800 0.0319
58900 0.0321
59000 0.0330
59100 0.0308
59200 0.0295
59300 0.0298
59400 0.0312
59500 0.0295
59600 0.0304
59700 0.0296
59800 0.0307
59900 0.0296
60000 0.0305
60100 0.0303
60200 0.0295
60300 0.0298
60400 0.0295
60500 0.0316
60600 0.0308
60700 0.0308
60800 0.0303
60900 0.0323
61000 0.0303
61100 0.0283
61200 0.0327
61300 0.0299
61400 0.0281
61500 0.0314
61600 0.0290
61700 0.0306
61800 0.0309
61900 0.0292
62000 0.0305
62100 0.0329
62200 0.0326
62300 0.0279
62400 0.0298
62500 0.0310
62600 0.0322
62700 0.0292
62800 0.0282
62900 0.0294
63000 0.0306
63100 0.0301
63200 0.0290
63300 0.0281
63400 0.0294
63500 0.0309
63600 0.0299
63700 0.0320
63800 0.0273
63900 0.0295
64000 0.0304
