100 0.7341
200 0.5858
300 0.5294
400 0.4956
500 0.4648
600 0.4417
700 0.4188
800 0.3930
900 0.3861
1000 0.3759
1100 0.3592
1200 0.3449
1300 0.3459
1400 0.3324
1500 0.3164
1600 0.3137
1700 0.3010
1800 0.2941
1900 0.2889
2000 0.2901
2100 0.2845
2200 0.2753
2300 0.2748
2400 0.2694
2500 0.2657
2600 0.2579
2700 0.2491
2800 0.2512
2900 0.2442
3000 0.2359
3100 0.2447
3200 0.2356
3300 0.2366
3400 0.2327
3500 0.2294
3600 0.2241
3700 0.2188
3800 0.2163
3900 0.2169
4000 0.2172
4100 0.2200
4200 0.2192
4300 0.2041
4400 0.2114
4500 0.2087
4600 0.2113
4700 0.2034
4800 0.2036
4900 0.2053
5000 0.2030
5100 0.1977
5200 0.2017
5300 0.1940
5400 0.1930
5500 0.1928
5600 0.1967
5700 0.1826
5800 0.1902
5900 0.1900
6000 0.1851
6100 0.1784
6200 0.1805
6300 0.1841
6400 0.1711
6500 0.1731
6600 0.1766
6700 0.1771
6800 0.1723
6900 0.1734
7000 0.1730
7100 0.1683
7200 0.1735
7300 0.1781
7400 0.1681
7500 0.1659
7600 0.1655
7700 0.1684
7800 0.1663
7900 0.1628
8000 0.1623
8100 0.1655
8200 0.1615
8300 0.1659
8400 0.1657
8500 0.1576
8600 0.1629
8700 0.1667
8800 0.1643
8900 0.1501
9000 0.1576
9100 0.1623
9200 0.1562
9300 0.1547
9400 0.1554
9500 0.1559
9600 0.1534
9700 0.1501
9800 0.1559
9900 0.1481
10000 0.1552
10100 0.1473
10200 0.1478
10300 0.1464
10400 0.1513
10500 0.1457
10600 0.1420
10700 0.1487
10800 0.1491
10900 0.1541
11000 0.1378
11100 0.1482
11200 0.1503
11300 0.1454
11400 0.1402
11500 0.1438
11600 0.1452
11700 0.1402
11800 0.1404
11900 0.1505
12000 0.1371
12100 0.1411
12200 0.1460
12300 0.1452
12400 0.1348
12500 0.1406
12600 0.1446
12700 0.1368
12800 0.1346
12900 0.1380
13000 0.1393
13100 0.1351
13200 0.1365
13300 0.1389
13400 0.1333
13500 0.1444
13600 0.1361
13700 0.1300
13800 0.1320
13900 0.1354
14000 0.1359
14100 0.1324
14200 0.1338
14300 0.1382
14400 0.1323
14500 0.1254
14600 0.1255
14700 0.1352
14800 0.1318
14900 0.1312
15000 0.1323
15100 0.1366
15200 0.1244
15300 0.1353
15400 0.1359
15500 0.1290
15600 0.1232
15700 0.1291
15800 0.1338
15900 0.1232
16000 0.1338
16100 0.1273
16200 0.1296
16300 0.1260
16400 0.1239
16500 0.1303
16600 0.1231
16700 0.1320
16800 0.1330
16900 0.1339
17000 0.1234
17100 0.1281
17200 0.1288
17300 0.1156
17400 0.1285
17500 0.1280
17600 0.1255
17700 0.1248
17800 0.1316
17900 0.1259
18000 0.1202
18100 0.1230
18200 0.1223
18300 0.1257
18400 0.1250
18500 0.1286
18600 0.1250
18700 0.1193
18800 0.1308
18900 0.1259
19000 0.1252
19100 0.1209
19200 0.1216
19300 0.1224
19400 0.1123
19500 0.1223
19600 0.1191
19700 0.1242
19800 0.1144
19900 0.1218
20000 0.1298
20100 0.1177
20200 0.1214
20300 0.1240
20400 0.1180
20500 0.1189
20600 0.1205
20700 0.1226
20800 0.1188
20900 0.1193
21000 0.1291
21100 0.1196
21200 0.1177
21300 0.1214
21400 0.1191
21500 0.1176
21600 0.1185
21700 0.1234
21800 0.1170
21900 0.1172
22000 0.1196
22100 0.1214
22200 0.1144
22300 0.1152
22400 0.1153
22500 0.1185
22600 0.1188
22700 0.1169
22800 0.1186
22900 0.1176
23000 0.1234
23100 0.1186
23200 0.1157
23300 0.1116
23400 0.1217
23500 0.1226
23600 0.1142
23700 0.1120
23800 0.1191
23900 0.1207
24000 0.1147
24100 0.1116
24200 0.1186
24300 0.1097
24400 0.1162
24500 0.1141
24600 0.1202
24700 0.1159
24800 0.1173
24900 0.1177
25000 0.1152
25100 0.1089
25200 0.1198
25300 0.1163
25400 0.1164
25500 0.1102
25600 0.1182
25700 0.1053
25800 0.1229
25900 0.1150
26000 0.1112
26100 0.1102
26200 0.1130
26300 0.1138
26400 0.1150
26500 0.1142
26600 0.1111
26700 0.1127
26800 0.1110
26900 0.1134
27000 0.1171
27100 0.1116
27200 0.1122
27300 0.1091
27400 0.1198
27500 0.1040
27600 0.1078
27700 0.1157
27800 0.1150
27900 0.1104
28000 0.1109
28100 0.1126
28200 0.1062
28300 0.1148
28400 0.1145
28500 0.1129
28600 0.1070
28700 0.1145
28800 0.1100
28900 0.1089
29000 0.1120
29100 0.1134
29200 0.1067
29300 0.1122
29400 0.1152
29500 0.1089
29600 0.1065
29700 0.1107
29800 0.1166
29900 0.1060
30000 0.1119
30100 0.1139
30200 0.1088
30300 0.1063
30400 0.1119
30500 0.1101
30600 0.1072
30700 0.1054
30800 0.1119
30900 0.1052
31000 0.1026
31100 0.1088
31200 0.1036
31300 0.1099
31400 0.1116
31500 0.1089
31600 0.1075
31700 0.1019
31800 0.1111
31900 0.1144
32000 0.1096
32100 0.0898
32200 0.0741
32300 0.0685
32400 0.0702
32500 0.0641
32600 0.0648
32700 0.0596
32800 0.0661
32900 0.0578
33000 0.0592
33100 0.0591
33200 0.0602
33300 0.0572
33400 0.0592
33500 0.0550
33600 0.0574
33700 0.0524
33800 0.0542
33900 0.0541
34000 0.0500
34100 0.0544
34200 0.0488
34300 0.0531
34400 0.0527
34500 0.0461
34600 0.0515
34700 0.0503
34800 0.0493
34900 0.0477
35000 0.0528
35100 0.0480
35200 0.0454
35300 0.0443
35400 0.0512
35500 0.0458
35600 0.0460
35700 0.0452
35800 0.0456
35900 0.0462
36000 0.0434
36100 0.0477
36200 0.0403
36300 0.0395
36400 0.0458
36500 0.0423
36600 0.0440
36700 0.0440
36800 0.0413
36900 0.0398
37000 0.0476
37100 0.0420
37200 0.0430
37300 0.0399
37400 0.0408
37500 0.0434
37600 0.0385
37700 0.0419
37800 0.0398
37900 0.0375
38000 0.0420
38100 0.0403
38200 0.0398
38300 0.0388
38400 0.0404
38500 0.0399
38600 0.0373
38700 0.0410
38800 0.0386
38900 0.0428
39000 0.0352
39100 0.0359
39200 0.0388
39300 0.0390
39400 0.0387
39500 0.0363
39600 0.0391
39700 0.0378
39800 0.0373
39900 0.0371
40000 0.0370
40100 0.0359
40200 0.0362
40300 0.0398
40400 0.0359
40500 0.0340
40600 0.0359
40700 0.0357
40800 0.0352
40900 0.0348
41000 0.0376
41100 0.0365
41200 0.0355
41300 0.0336
41400 0.0377
41500 0.0348
41600 0.0337
41700 0.0351
41800 0.0348
41900 0.0336
42000 0.0327
42100 0.0314
42200 0.0328
42300 0.0346
42400 0.0325
42500 0.0357
42600 0.0337
42700 0.0341
42800 0.0359
42900 0.0354
43000 0.0325
43100 0.0337
43200 0.0322
43300 0.0326
43400 0.0331
43500 0.0349
43600 0.0312
43700 0.0334
43800 0.0329
43900 0.0304
44000 0.0313
44100 0.0320
44200 0.0326
44300 0.0301
44400 0.0324
44500 0.0301
44600 0.0295
44700 0.0288
44800 0.0332
44900 0.0329
45000 0.0309
45100 0.0329
45200 0.0306
45300 0.0304
45400 0.0330
45500 0.0316
45600 0.0299
45700 0.0306
45800 0.0298
45900 0.0298
46000 0.0310
46100 0.0298
46200 0.0295
46300 0.0321
46400 0.0313
46500 0.0291
46600 0.0272
46700 0.0296
46800 0.0303
46900 0.0270
47000 0.0310
47100 0.0289
47200 0.0303
47300 0.0289
47400 0.0294
47500 0.0277
47600 0.0293
47700 0.0301
47800 0.0297
47900 0.0290
48000 0.0302
48100 0.0274
48200 0.0265
48300 0.0243
48400 0.0282
48500 0.0270
48600 0.0255
48700 0.0278
48800 0.0280
48900 0.0252
49000 0.0274
49100 0.0240
49200 0.0241
49300 0.0251
49400 0.0241
49500 0.0246
49600 0.0255
49700 0.0246
49800 0.0264
49900 0.0240
50000 0.0250
50100 0.0233
50200 0.0241
50300 0.0251
50400 0.0241
50500 0.0242
50600 0.0236
50700 0.0236
50800 0.0232
50900 0.0270
51000 0.0245
51100 0.0237
51200 0.0212
51300 0.0247
51400 0.0231
51500 0.0246
51600 0.0235
51700 0.0234
51800 0.0247
51900 0.0227
52000 0.0245
52100 0.0228
52200 0.0218
52300 0.0238
52400 0.0217
52500 0.0244
52600 0.0221
52700 0.0232
52800 0.0249
52900 0.0220
53000 0.0208
53100 0.0232
53200 0.0238
53300 0.0236
53400 0.0255
53500 0.0230
53600 0.0252
53700 0.0213
53800 0.0239
53900 0.0210
54000 0.0219
54100 0.0226
54200 0.0205
54300 0.0232
54400 0.0229
54500 0.0230
54600 0.0202
54700 0.0215
54800 0.0241
54900 0.0228
55000 0.0239
55100 0.0257
55200 0.0223
55300 0.0198
55400 0.0238
55500 0.0221
55600 0.0223
55700 0.0223
55800 0.0247
55900 0.0217
56000 0.0227
56100 0.0223
56200 0.0200
56300 0.0234
56400 0.0227
56500 0.0212
56600 0.0220
56700 0.0208
56800 0.0241
56900 0.0225
57000 0.0244
57100 0.0212
57200 0.0216
57300 0.0234
57400 0.0220
57500 0.0239
57600 0.0212
57700 0.0213
57800 0.0229
57900 0.0234
58000 0.0209
58100 0.0202
58200 0.0223
58300 0.0237
58400 0.0218
58500 0.0211
58600 0.0235
58700 0.0220
58800 0.0233
58900 0.0212
59000 0.0207
59100 0.0212
59200 0.0230
59300 0.0209
59400 0.0218
59500 0.0236
59600 0.0233
59700 0.0205
59800 0.0220
59900 0.0234
60000 0.0220
60100 0.0215
60200 0.0223
60300 0.0224
60400 0.0216
60500 0.0219
60600 0.0210
60700 0.0205
60800 0.0205
60900 0.0211
61000 0.0209
61100 0.0219
61200 0.0196
61300 0.0208
61400 0.0215
61500 0.0241
61600 0.0191
61700 0.0204
61800 0.0210
61900 0.0209
62000 0.0212
62100 0.0217
62200 0.0207
62300 0.0201
62400 0.0196
62500 0.0212
62600 0.0202
62700 0.0205
62800 0.0216
62900 0.0203
63000 0.0180
63100 0.0209
63200 0.0219
63300 0.0223
63400 0.0185
63500 0.0238
63600 0.0205
63700 0.0207
63800 0.0211
63900 0.0212
64000 0.0207
