100 0.7844
200 0.6969
300 0.6484
400 0.6266
500 0.5828
600 0.6531
700 0.5828
800 0.5281
900 0.5141
1000 0.4328
1100 0.4125
1200 0.3906
1300 0.3828
1400 0.3500
1500 0.3828
1600 0.3859
1700 0.3391
1800 0.3484
1900 0.2656
2000 0.2766
2100 0.2562
2200 0.2391
2300 0.2609
2400 0.2234
2500 0.2234
2600 0.2250
2700 0.2438
2800 0.2406
2900 0.2219
3000 0.2094
3100 0.2141
3200 0.2219
3300 0.2109
3400 0.2141
3500 0.2031
3600 0.1641
3700 0.1937
3800 0.1984
3900 0.1906
4000 0.1828
4100 0.1922
4200 0.1813
4300 0.1781
4400 0.1672
4500 0.1687
4600 0.1906
4700 0.1734
4800 0.1891
4900 0.1484
5000 0.1719
5100 0.1656
5200 0.1641
5300 0.1672
5400 0.1609
5500 0.1594
5600 0.1703
5700 0.1547
5800 0.1594
5900 0.1641
6000 0.1375
6100 0.1422
6200 0.1594
6300 0.1609
6400 0.1484
6500 0.1641
6600 0.1391
6700 0.1578
6800 0.1469
6900 0.1641
7000 0.1453
7100 0.1766
7200 0.1609
7300 0.1219
7400 0.1359
7500 0.1156
7600 0.1359
7700 0.1266
7800 0.1344
7900 0.1328
8000 0.1219
8100 0.1406
8200 0.1000
8300 0.1484
8400 0.1469
8500 0.1203
8600 0.1047
8700 0.1438
8800 0.1312
8900 0.1297
9000 0.1156
9100 0.1219
9200 0.1312
9300 0.1281
9400 0.1109
9500 0.1031
9600 0.1328
9700 0.1359
9800 0.1281
9900 0.1344
10000 0.1359
10100 0.1125
10200 0.1312
10300 0.1188
10400 0.1188
10500 0.1141
10600 0.1125
10700 0.1016
10800 0.1031
10900 0.1172
11000 0.1156
11100 0.1062
11200 0.1188
11300 0.1156
11400 0.1250
11500 0.1203
11600 0.1016
11700 0.1219
11800 0.1250
11900 0.1000
12000 0.1188
12100 0.1016
12200 0.1172
12300 0.1344
12400 0.1156
12500 0.1078
12600 0.1047
12700 0.1188
12800 0.1156
12900 0.1078
13000 0.0906
13100 0.1000
13200 0.1156
13300 0.1125
13400 0.1109
13500 0.0984
13600 0.1047
13700 0.1219
13800 0.0828
13900 0.0953
14000 0.1047
14100 0.1016
14200 0.0875
14300 0.0734
14400 0.0969
14500 0.1031
14600 0.1016
14700 0.1094
14800 0.1188
14900 0.1094
15000 0.1047
15100 0.0891
15200 0.1141
15300 0.1047
15400 0.1078
15500 0.1000
15600 0.0734
15700 0.1016
15800 0.0906
15900 0.1141
16000 0.1047
16100 0.0828
16200 0.0891
16300 0.0891
16400 0.1172
16500 0.0813
16600 0.0922
16700 0.1156
16800 0.0938
16900 0.0844
17000 0.0703
17100 0.1125
17200 0.1141
17300 0.0906
17400 0.1000
17500 0.0938
17600 0.0984
17700 0.0828
17800 0.0703
17900 0.0844
18000 0.0906
18100 0.0984
18200 0.1141
18300 0.0828
18400 0.0766
18500 0.1078
18600 0.1109
18700 0.0828
18800 0.1000
18900 0.0938
19000 0.1047
19100 0.0734
19200 0.0781
19300 0.0969
19400 0.0984
19500 0.0797
19600 0.0922
19700 0.0938
19800 0.0750
19900 0.1219
20000 0.1016
20100 0.0781
20200 0.1188
20300 0.0875
20400 0.0859
20500 0.0953
20600 0.1031
20700 0.0859
20800 0.0719
20900 0.0844
21000 0.1172
21100 0.0938
21200 0.0781
21300 0.1000
21400 0.1031
21500 0.0719
21600 0.0891
21700 0.0766
21800 0.1031
21900 0.0687
22000 0.0750
22100 0.0844
22200 0.0719
22300 0.0859
22400 0.0703
22500 0.0844
22600 0.0656
22700 0.0719
22800 0.0563
22900 0.0656
23000 0.0891
23100 0.0906
23200 0.0734
23300 0.0563
23400 0.0719
23500 0.0938
23600 0.0875
23700 0.0828
23800 0.0766
23900 0.0859
24000 0.0766
24100 0.0750
24200 0.0703
24300 0.0813
24400 0.0953
24500 0.0625
24600 0.0781
24700 0.0828
24800 0.0594
24900 0.0656
25000 0.0922
25100 0.0625
25200 0.1031
25300 0.0844
25400 0.0938
25500 0.0656
25600 0.0844
25700 0.0906
25800 0.0859
25900 0.0656
26000 0.0813
26100 0.0531
26200 0.0813
26300 0.0859
26400 0.0672
26500 0.0766
26600 0.0938
26700 0.1141
26800 0.0875
26900 0.0750
27000 0.0719
27100 0.0953
27200 0.0844
27300 0.0828
27400 0.0734
27500 0.0687
27600 0.0750
27700 0.0922
27800 0.0719
27900 0.0719
28000 0.0813
28100 0.0859
28200 0.0734
28300 0.0828
28400 0.0687
28500 0.0750
28600 0.0922
28700 0.0891
28800 0.0797
28900 0.0641
29000 0.0719
29100 0.0813
29200 0.0609
29300 0.0813
29400 0.0875
29500 0.0563
29600 0.0672
29700 0.0500
29800 0.0781
29900 0.0875
30000 0.0969
30100 0.0906
30200 0.0953
30300 0.0687
30400 0.0750
30500 0.0703
30600 0.0922
30700 0.0922
30800 0.0734
30900 0.0687
31000 0.0797
31100 0.0938
31200 0.0750
31300 0.0781
31400 0.0734
31500 0.0828
31600 0.0969
31700 0.0766
31800 0.0891
31900 0.0734
32000 0.0813
32100 0.0641
32200 0.0516
32300 0.0516
32400 0.0469
32500 0.0219
32600 0.0203
32700 0.0328
32800 0.0266
32900 0.0297
33000 0.0203
33100 0.0328
33200 0.0266
33300 0.0234
33400 0.0250
33500 0.0219
33600 0.0250
33700 0.0266
33800 0.0172
33900 0.0094
34000 0.0281
34100 0.0250
34200 0.0172
34300 0.0266
34400 0.0344
34500 0.0141
34600 0.0188
34700 0.0297
34800 0.0172
34900 0.0188
35000 0.0172
35100 0.0156
35200 0.0125
35300 0.0266
35400 0.0141
35500 0.0234
35600 0.0109
35700 0.0062
35800 0.0219
35900 0.0156
36000 0.0109
36100 0.0125
36200 0.0125
36300 0.0188
36400 0.0203
36500 0.0125
36600 0.0125
36700 0.0109
36800 0.0094
36900 0.0188
37000 0.0125
37100 0.0156
37200 0.0094
37300 0.0125
37400 0.0219
37500 0.0109
37600 0.0141
37700 0.0078
37800 0.0062
37900 0.0094
38000 0.0109
38100 0.0125
38200 0.0094
38300 0.0141
38400 0.0109
38500 0.0078
38600 0.0094
38700 0.0156
38800 0.0047
38900 0.0062
39000 0.0203
39100 0.0125
39200 0.0188
39300 0.0094
39400 0.0062
39500 0.0094
39600 0.0078
39700 0.0094
39800 0.0125
39900 0.0094
40000 0.0141
40100 0.0078
40200 0.0047
40300 0.0047
40400 0.0047
40500 0.0078
40600 0.0156
40700 0.0078
40800 0.0094
40900 0.0094
41000 0.0047
41100 0.0109
41200 0.0062
41300 0.0094
41400 0.0094
41500 0.0094
41600 0.0078
41700 0.0109
41800 0.0125
41900 0.0078
42000 0.0078
42100 0.0109
42200 0.0078
42300 0.0078
42400 0.0062
42500 0.0078
42600 0.0047
42700 0.0047
42800 0.0094
42900 0.0016
43000 0.0062
43100 0.0062
43200 0.0031
43300 0.0094
43400 0.0062
43500 0.0031
43600 0.0031
43700 0.0062
43800 0.0062
43900 0.0031
44000 0.0047
44100 0.0125
44200 0.0031
44300 0.0016
44400 0.0109
44500 0.0062
44600 0.0125
44700 0.0078
44800 0.0125
44900 0.0047
45000 0.0047
45100 0.0094
45200 0.0078
45300 0.0016
45400 0.0094
45500 0.0125
45600 0.0062
45700 0.0031
45800 0.0031
45900 0.0016
46000 0.0047
46100 0.0078
46200 0.0078
46300 0.0062
46400 0.0062
46500 0.0031
46600 0.0000
46700 0.0047
46800 0.0078
46900 0.0078
47000 0.0094
47100 0.0047
47200 0.0031
47300 0.0031
47400 0.0125
47500 0.0031
47600 0.0062
47700 0.0031
47800 0.0031
47900 0.0016
48000 0.0016
48100 0.0031
48200 0.0031
48300 0.0016
48400 0.0125
48500 0.0016
48600 0.0016
48700 0.0016
48800 0.0078
48900 0.0016
49000 0.0031
49100 0.0016
49200 0.0078
49300 0.0047
49400 0.0000
49500 0.0016
49600 0.0000
49700 0.0078
49800 0.0031
49900 0.0047
50000 0.0078
50100 0.0031
50200 0.0047
50300 0.0047
50400 0.0047
50500 0.0031
50600 0.0031
50700 0.0000
50800 0.0000
50900 0.0031
51000 0.0016
51100 0.0016
51200 0.0031
51300 0.0031
51400 0.0016
51500 0.0047
51600 0.0016
51700 0.0031
51800 0.0031
51900 0.0031
52000 0.0016
52100 0.0016
52200 0.0016
52300 0.0000
52400 0.0016
52500 0.0031
52600 0.0000
52700 0.0047
52800 0.0031
52900 0.0031
53000 0.0016
53100 0.0031
53200 0.0047
53300 0.0000
53400 0.0031
53500 0.0016
53600 0.0062
53700 0.0000
53800 0.0047
53900 0.0000
54000 0.0031
54100 0.0000
54200 0.0016
54300 0.0031
54400 0.0000
54500 0.0000
54600 0.0016
54700 0.0016
54800 0.0016
54900 0.0000
55000 0.0016
55100 0.0047
55200 0.0016
55300 0.0016
55400 0.0000
55500 0.0047
55600 0.0016
55700 0.0031
55800 0.0031
55900 0.0000
56000 0.0000
56100 0.0016
56200 0.0031
56300 0.0031
56400 0.0016
56500 0.0016
56600 0.0016
56700 0.0047
56800 0.0000
56900 0.0000
57000 0.0031
57100 0.0016
57200 0.0000
57300 0.0016
57400 0.0000
57500 0.0062
57600 0.0031
57700 0.0000
57800 0.0031
57900 0.0016
58000 0.0031
58100 0.0031
58200 0.0031
58300 0.0047
58400 0.0031
58500 0.0062
58600 0.0047
58700 0.0047
58800 0.0000
58900 0.0047
59000 0.0031
59100 0.0016
59200 0.0031
59300 0.0047
59400 0.0016
59500 0.0000
59600 0.0000
59700 0.0016
59800 0.0016
59900 0.0000
60000 0.0000
60100 0.0016
60200 0.0078
60300 0.0000
60400 0.0000
60500 0.0000
60600 0.0016
60700 0.0000
60800 0.0016
60900 0.0016
61000 0.0000
61100 0.0000
61200 0.0031
61300 0.0016
61400 0.0047
61500 0.0047
61600 0.0016
61700 0.0016
61800 0.0047
61900 0.0016
62000 0.0000
62100 0.0016
62200 0.0000
62300 0.0047
62400 0.0078
62500 0.0000
62600 0.0016
62700 0.0047
62800 0.0031
62900 0.0016
63000 0.0000
63100 0.0047
63200 0.0000
63300 0.0016
63400 0.0016
63500 0.0016
63600 0.0000
63700 0.0000
63800 0.0000
63900 0.0016
64000 0.0031
