100 0.7316
200 0.5966
300 0.5448
352 0.4609
400 0.5024
500 0.4648
600 0.4494
700 0.4192
703 0.3594
800 0.3988
900 0.3895
1000 0.3693
1054 0.4375
1100 0.3526
1200 0.3439
1300 0.3416
1400 0.3356
1405 0.3828
1500 0.3152
1600 0.3168
1700 0.3063
1756 0.3750
1800 0.3026
1900 0.2945
2000 0.2891
2100 0.2828
2107 0.2578
2200 0.2776
2300 0.2762
2400 0.2670
2458 0.2031
2500 0.2663
2600 0.2615
2700 0.2492
2800 0.2610
2809 0.3359
2900 0.2409
3000 0.2400
3100 0.2438
3160 0.2812
3200 0.2328
3300 0.2337
3400 0.2295
3500 0.2328
3511 0.3047
3600 0.2143
3700 0.2205
3800 0.2233
3862 0.2734
3900 0.2180
4000 0.2109
4100 0.2094
4200 0.2173
4213 0.2266
4300 0.2006
4400 0.2033
4500 0.2037
4564 0.2031
4600 0.2034
4700 0.1925
4800 0.1909
4900 0.1994
4915 0.3047
5000 0.1871
5100 0.1861
5200 0.1916
5266 0.2656
5300 0.1886
5400 0.1807
5500 0.1788
5600 0.1813
5617 0.2500
5700 0.1773
5800 0.1747
5900 0.1771
5968 0.2422
6000 0.1760
6100 0.1623
6200 0.1711
6300 0.1755
6319 0.2109
6400 0.1669
6500 0.1679
6600 0.1678
6670 0.2578
6700 0.1626
6800 0.1528
6900 0.1650
7000 0.1705
7021 0.2031
7100 0.1546
7200 0.1581
7300 0.1569
7372 0.1719
7400 0.1573
7500 0.1537
7600 0.1524
7700 0.1560
7723 0.2031
7800 0.1524
7900 0.1500
8000 0.1511
8074 0.1953
8100 0.1514
8200 0.1455
8300 0.1462
8400 0.1488
8425 0.1719
8500 0.1382
8600 0.1477
8700 0.1451
8776 0.1641
8800 0.1433
8900 0.1391
9000 0.1373
9100 0.1500
9127 0.2031
9200 0.1326
9300 0.1389
9400 0.1409
9478 0.2109
9500 0.1389
9600 0.1357
9700 0.1270
9800 0.1332
9829 0.1562
9900 0.1245
10000 0.1336
10100 0.1312
10180 0.2031
10200 0.1321
10300 0.1242
10400 0.1312
10500 0.1273
10531 0.2656
10600 0.1244
10700 0.1298
10800 0.1288
10882 0.1719
10900 0.1276
11000 0.1202
11100 0.1244
11200 0.1235
11233 0.1953
11300 0.1170
11400 0.1228
11500 0.1214
11584 0.2109
11600 0.1252
11700 0.1097
11800 0.1166
11900 0.1262
11935 0.2266
12000 0.1084
12100 0.1152
12200 0.1201
12286 0.1719
12300 0.1216
12400 0.1073
12500 0.1160
12600 0.1180
12637 0.2422
12700 0.1115
12800 0.1100
12900 0.1134
12988 0.2031
13000 0.1120
13100 0.1092
13200 0.1127
13300 0.1150
13339 0.2031
13400 0.1049
13500 0.1036
13600 0.1117
13690 0.1953
13700 0.1094
13800 0.1048
13900 0.1057
14000 0.1098
14041 0.1797
14100 0.1076
14200 0.0984
14300 0.1073
14392 0.1875
14400 0.1062
14500 0.1012
14600 0.1010
14700 0.1053
14743 0.1719
14800 0.1012
14900 0.1026
15000 0.0962
15094 0.2031
15100 0.1063
15200 0.0941
15300 0.1031
15400 0.1033
15445 0.1250
15500 0.1005
15600 0.1000
15700 0.0971
15796 0.1484
15800 0.0999
15900 0.0932
16000 0.0959
16100 0.1042
16147 0.1875
16200 0.0934
16300 0.0910
16400 0.0964
16498 0.2031
16500 0.1018
16600 0.0873
16700 0.0966
16800 0.0977
16849 0.1172
16900 0.0896
17000 0.0893
17100 0.0935
17200 0.0948
17200 0.1562
17300 0.0861
17400 0.0930
17500 0.0901
17551 0.1328
17600 0.0943
17700 0.0884
17800 0.0973
17900 0.0962
17902 0.2578
18000 0.0848
18100 0.0927
18200 0.0895
18253 0.2109
18300 0.0888
18400 0.0813
18500 0.0902
18600 0.0892
18604 0.1641
18700 0.0835
18800 0.0881
18900 0.0854
18955 0.1797
19000 0.0856
19100 0.0795
19200 0.0842
19300 0.0909
19306 0.1719
19400 0.0810
19500 0.0841
19600 0.0850
19657 0.2031
19700 0.0852
19800 0.0820
19900 0.0848
20000 0.0934
20008 0.2344
20100 0.0812
20200 0.0817
20300 0.0855
20359 0.1406
20400 0.0828
20500 0.0772
20600 0.0846
20700 0.0874
20710 0.1328
20800 0.0752
20900 0.0776
21000 0.0816
21061 0.2031
21100 0.0776
21200 0.0798
21300 0.0769
21400 0.0829
21412 0.1094
21500 0.0780
21600 0.0803
21700 0.0791
21763 0.1641
21800 0.0823
21900 0.0758
22000 0.0785
22100 0.0767
22114 0.1875
22200 0.0744
22300 0.0757
22400 0.0723
22465 0.1875
22500 0.0723
22600 0.0684
22700 0.0830
22800 0.0781
22816 0.1797
22900 0.0727
23000 0.0756
23100 0.0767
23167 0.2344
23200 0.0756
23300 0.0740
23400 0.0706
23500 0.0762
23518 0.1719
23600 0.0680
23700 0.0761
23800 0.0770
23869 0.1719
23900 0.0737
24000 0.0707
24100 0.0724
24200 0.0788
24220 0.1562
24300 0.0720
24400 0.0702
24500 0.0765
24571 0.1250
24600 0.0718
24700 0.0704
24800 0.0713
24900 0.0731
24922 0.1250
25000 0.0680
25100 0.0661
25200 0.0711
25273 0.0625
25300 0.0717
25400 0.0636
25500 0.0711
25600 0.0732
25624 0.1484
25700 0.0652
25800 0.0645
25900 0.0720
25975 0.2500
26000 0.0688
26100 0.0659
26200 0.0666
26300 0.0709
26326 0.1172
26400 0.0654
26500 0.0670
26600 0.0723
26677 0.1406
26700 0.0659
26800 0.0640
26900 0.0677
27000 0.0726
27028 0.1797
27100 0.0637
27200 0.0659
27300 0.0709
27379 0.1328
27400 0.0680
27500 0.0627
27600 0.0660
27700 0.0709
27730 0.1484
27800 0.0660
27900 0.0611
28000 0.0675
28081 0.1172
28100 0.0673
28200 0.0626
28300 0.0655
28400 0.0689
28432 0.1250
28500 0.0600
28600 0.0582
28700 0.0648
28783 0.2188
28800 0.0691
28900 0.0635
29000 0.0653
29100 0.0600
29134 0.1797
29200 0.0623
29300 0.0606
29400 0.0636
29485 0.1641
29500 0.0677
29600 0.0554
29700 0.0595
29800 0.0591
29836 0.1406
29900 0.0630
30000 0.0573
30100 0.0608
30187 0.2109
30200 0.0600
30300 0.0556
30400 0.0613
30500 0.0616
30538 0.2031
30600 0.0628
30700 0.0593
30800 0.0605
30889 0.1797
30900 0.0595
31000 0.0563
31100 0.0641
31200 0.0624
31240 0.2109
31300 0.0626
31400 0.0582
31500 0.0572
31591 0.2344
31600 0.0663
31700 0.0525
31800 0.0623
31900 0.0620
31942 0.2188
32000 0.0558
32100 0.0490
32200 0.0452
32293 0.1719
32300 0.0422
32400 0.0364
32500 0.0374
32600 0.0327
32644 0.1641
32700 0.0354
32800 0.0320
32900 0.0353
32995 0.1875
33000 0.0341
33100 0.0291
33200 0.0320
33300 0.0284
33346 0.1328
33400 0.0364
33500 0.0309
33600 0.0321
33697 0.1797
33700 0.0282
33800 0.0280
33900 0.0289
34000 0.0291
34048 0.2266
34100 0.0291
34200 0.0266
34300 0.0276
34399 0.1562
34400 0.0285
34500 0.0279
34600 0.0248
34700 0.0249
34750 0.1172
34800 0.0277
34900 0.0254
35000 0.0240
35100 0.0289
35101 0.1484
35200 0.0262
35300 0.0247
35400 0.0246
35452 0.1094
35500 0.0243
35600 0.0267
35700 0.0236
35800 0.0239
35803 0.1016
35900 0.0212
36000 0.0244
36100 0.0259
36154 0.0938
36200 0.0267
36300 0.0244
36400 0.0223
36500 0.0266
36505 0.2109
36600 0.0242
36700 0.0202
36800 0.0237
36856 0.1484
36900 0.0223
37000 0.0227
37100 0.0207
37200 0.0216
37207 0.1719
37300 0.0227
37400 0.0238
37500 0.0227
37558 0.1094
37600 0.0198
37700 0.0221
37800 0.0237
37900 0.0219
37909 0.1250
38000 0.0216
38100 0.0221
38200 0.0249
38260 0.1328
38300 0.0216
38400 0.0212
38500 0.0220
38600 0.0213
38611 0.1484
38700 0.0189
38800 0.0217
38900 0.0220
38962 0.1953
39000 0.0229
39100 0.0207
39200 0.0222
39300 0.0198
39313 0.2188
39400 0.0193
39500 0.0216
39600 0.0220
39664 0.1797
39700 0.0220
39800 0.0210
39900 0.0220
40000 0.0218
40015 0.1406
40100 0.0206
40200 0.0198
40300 0.0181
40366 0.1016
40400 0.0191
40500 0.0202
40600 0.0212
40700 0.0191
40717 0.0859
40800 0.0184
40900 0.0196
41000 0.0181
41068 0.1484
41100 0.0223
41200 0.0195
41300 0.0191
41400 0.0198
41419 0.2031
41500 0.0195
41600 0.0184
41700 0.0216
41770 0.1172
41800 0.0166
41900 0.0188
42000 0.0171
42100 0.0193
42121 0.1484
42200 0.0174
42300 0.0189
42400 0.0196
42472 0.1875
42500 0.0183
42600 0.0170
42700 0.0182
42800 0.0212
42823 0.1406
42900 0.0191
43000 0.0190
43100 0.0192
43174 0.1875
43200 0.0183
43300 0.0176
43400 0.0204
43500 0.0180
43525 0.1250
43600 0.0171
43700 0.0191
43800 0.0173
43876 0.1250
43900 0.0193
44000 0.0162
44100 0.0170
44200 0.0180
44227 0.2109
44300 0.0170
44400 0.0181
44500 0.0195
44578 0.1406
44600 0.0177
44700 0.0154
44800 0.0188
44900 0.0160
44929 0.1406
45000 0.0170
45100 0.0185
45200 0.0157
45280 0.1797
45300 0.0173
45400 0.0167
45500 0.0188
45600 0.0164
45631 0.1562
45700 0.0192
45800 0.0176
45900 0.0188
45982 0.1094
46000 0.0188
46100 0.0181
46200 0.0176
46300 0.0168
46333 0.2031
46400 0.0185
46500 0.0144
46600 0.0175
46684 0.1484
46700 0.0174
46800 0.0173
46900 0.0162
47000 0.0167
47035 0.1484
47100 0.0155
47200 0.0148
47300 0.0161
47386 0.1875
47400 0.0179
47500 0.0165
47600 0.0137
47700 0.0149
47737 0.1562
47800 0.0150
47900 0.0159
48000 0.0155
48088 0.1484
48100 0.0144
48200 0.0171
48300 0.0155
48400 0.0148
48439 0.2031
48500 0.0155
48600 0.0152
48700 0.0184
48790 0.1016
48800 0.0160
48900 0.0156
49000 0.0152
49100 0.0151
49141 0.1484
49200 0.0146
49300 0.0155
49400 0.0152
49492 0.1016
49500 0.0152
49600 0.0148
49700 0.0152
49800 0.0144
49843 0.1406
49900 0.0155
50000 0.0138
50100 0.0152
50194 0.1016
50200 0.0170
50300 0.0154
50400 0.0153
50500 0.0152
50545 0.1172
50600 0.0144
50700 0.0138
50800 0.0148
50896 0.0938
50900 0.0144
51000 0.0141
51100 0.0177
51200 0.0154
51247 0.1641
51300 0.0142
51400 0.0159
51500 0.0127
51598 0.1641
51600 0.0173
51700 0.0163
51800 0.0155
51900 0.0152
51949 0.1719
52000 0.0162
52100 0.0155
52200 0.0145
52300 0.0135
52300 0.0938
52400 0.0152
52500 0.0179
52600 0.0145
52651 0.1016
52700 0.0134
52800 0.0136
52900 0.0147
53000 0.0148
53002 0.2031
53100 0.0154
53200 0.0159
53300 0.0142
53353 0.1797
53400 0.0116
53500 0.0141
53600 0.0148
53700 0.0148
53704 0.1562
53800 0.0148
53900 0.0146
54000 0.0148
54055 0.1094
54100 0.0141
54200 0.0140
54300 0.0158
54400 0.0138
54406 0.1641
54500 0.0146
54600 0.0146
54700 0.0161
54757 0.1406
54800 0.0148
54900 0.0166
55000 0.0152
55100 0.0134
55108 0.1406
55200 0.0159
55300 0.0156
55400 0.0155
55459 0.1484
55500 0.0170
55600 0.0148
55700 0.0142
55800 0.0154
55810 0.1562
55900 0.0139
56000 0.0138
56100 0.0132
56161 0.1406
56200 0.0134
56300 0.0139
56400 0.0157
56500 0.0152
56512 0.1250
56600 0.0141
56700 0.0146
56800 0.0150
56863 0.1484
56900 0.0152
57000 0.0140
57100 0.0152
57200 0.0139
57214 0.1719
57300 0.0150
57400 0.0138
57500 0.0133
57565 0.1016
57600 0.0130
57700 0.0148
57800 0.0148
57900 0.0132
57916 0.1172
58000 0.0145
58100 0.0143
58200 0.0143
58267 0.1250
58300 0.0152
58400 0.0134
58500 0.0137
58600 0.0147
58618 0.1953
58700 0.0141
58800 0.0138
58900 0.0153
58969 0.1484
59000 0.0140
59100 0.0155
59200 0.0138
59300 0.0143
59320 0.1797
59400 0.0142
59500 0.0128
59600 0.0139
59671 0.1328
59700 0.0138
59800 0.0151
59900 0.0138
60000 0.0119
60022 0.1484
60100 0.0158
60200 0.0159
60300 0.0124
60373 0.0781
60400 0.0142
60500 0.0148
60600 0.0136
60700 0.0171
60724 0.1719
60800 0.0158
60900 0.0151
61000 0.0160
61075 0.1328
61100 0.0126
61200 0.0138
61300 0.0142
61400 0.0124
61426 0.1641
61500 0.0143
61600 0.0148
61700 0.0146
61777 0.1484
61800 0.0156
61900 0.0140
62000 0.0131
62100 0.0131
62128 0.1641
62200 0.0139
62300 0.0149
62400 0.0156
62479 0.1719
62500 0.0122
62600 0.0147
62700 0.0128
62800 0.0137
62830 0.0938
62900 0.0142
63000 0.0142
63100 0.0130
63181 0.1641
63200 0.0127
63300 0.0159
63400 0.0166
63500 0.0165
63532 0.1406
63600 0.0141
63700 0.0151
63800 0.0123
63883 0.1719
63900 0.0134
64000 0.0134
