100 0.8397
200 0.7690
300 0.7288
352 0.6522
400 0.6937
500 0.6570
600 0.6442
700 0.6325
703 0.5842
800 0.6166
900 0.5996
1000 0.5903
1054 0.5474
1100 0.5776
1200 0.5573
1300 0.5583
1400 0.5344
1405 0.4967
1500 0.5357
1600 0.5225
1700 0.5141
1756 0.4631
1800 0.4948
1900 0.4880
2000 0.4688
2100 0.4660
2107 0.4134
2200 0.4620
2300 0.4455
2400 0.4381
2458 0.3830
2500 0.4282
2600 0.4102
2700 0.4032
2800 0.4117
2809 0.3557
2900 0.3888
3000 0.3917
3100 0.3915
3160 0.3385
3200 0.3694
3300 0.3582
3400 0.3570
3500 0.3570
3511 0.3288
3600 0.3416
3700 0.3413
3800 0.3373
3862 0.3010
3900 0.3239
4000 0.3184
4100 0.3263
4200 0.3050
4213 0.2902
4300 0.3095
4400 0.3102
4500 0.2987
4564 0.2743
4600 0.2945
4700 0.2961
4800 0.2883
4900 0.2859
4915 0.2641
5000 0.2881
5100 0.2755
5200 0.2784
5266 0.2539
5300 0.2764
5400 0.2709
5500 0.2722
5600 0.2691
5617 0.2543
5700 0.2580
5800 0.2551
5900 0.2639
5968 0.2317
6000 0.2503
6100 0.2548
6200 0.2525
6300 0.2516
6319 0.2410
6400 0.2486
6500 0.2405
6600 0.2473
6670 0.2266
6700 0.2436
6800 0.2380
6900 0.2426
7000 0.2321
7021 0.2292
7100 0.2351
7200 0.2361
7300 0.2270
7372 0.2151
7400 0.2283
7500 0.2358
7600 0.2270
7700 0.2230
7723 0.2237
7800 0.2229
7900 0.2250
8000 0.2226
8074 0.2158
8100 0.2202
8200 0.2137
8300 0.2190
8400 0.2180
8425 0.2005
8500 0.2047
8600 0.2142
8700 0.2206
8776 0.1988
8800 0.2095
8900 0.2063
9000 0.2094
9100 0.2047
9127 0.1973
9200 0.2006
9300 0.2027
9400 0.2044
9478 0.1985
9500 0.2049
9600 0.2032
9700 0.1974
9800 0.2005
9829 0.1948
9900 0.1969
10000 0.1924
10100 0.1986
10180 0.1892
10200 0.1960
10300 0.1986
10400 0.1984
10500 0.1970
10531 0.1938
10600 0.1870
10700 0.1953
10800 0.1927
10882 0.1907
10900 0.1917
11000 0.1827
11100 0.1859
11200 0.1937
11233 0.1928
11300 0.1886
11400 0.1941
11500 0.1873
11584 0.1904
11600 0.1901
11700 0.1798
11800 0.1805
11900 0.1866
11935 0.1870
12000 0.1857
12100 0.1848
12200 0.1818
12286 0.1825
12300 0.1849
12400 0.1791
12500 0.1765
12600 0.1813
12637 0.1786
12700 0.1803
12800 0.1755
12900 0.1794
12988 0.1765
13000 0.1766
13100 0.1738
13200 0.1753
13300 0.1727
13339 0.1746
13400 0.1717
13500 0.1685
13600 0.1695
13690 0.1829
13700 0.1789
13800 0.1662
13900 0.1761
14000 0.1741
14041 0.1790
14100 0.1720
14200 0.1640
14300 0.1682
14392 0.1721
14400 0.1748
14500 0.1737
14600 0.1664
14700 0.1699
14743 0.1708
14800 0.1687
14900 0.1662
15000 0.1652
15094 0.1696
15100 0.1626
15200 0.1627
15300 0.1635
15400 0.1694
15445 0.1711
15500 0.1656
15600 0.1681
15700 0.1655
15796 0.1763
15800 0.1681
15900 0.1613
16000 0.1662
16100 0.1695
16147 0.1745
16200 0.1646
16300 0.1590
16400 0.1642
16498 0.1669
16500 0.1650
16600 0.1634
16700 0.1621
16800 0.1634
16849 0.1783
16900 0.1625
17000 0.1542
17100 0.1595
17200 0.1562
17200 0.1565
17300 0.1585
17400 0.1553
17500 0.1593
17551 0.1667
17600 0.1613
17700 0.1594
17800 0.1591
17900 0.1620
17902 0.1677
18000 0.1497
18100 0.1605
18200 0.1570
18253 0.1687
18300 0.1587
18400 0.1514
18500 0.1527
18600 0.1645
18604 0.1586
18700 0.1540
18800 0.1562
18900 0.1541
18955 0.1582
19000 0.1589
19100 0.1542
19200 0.1538
19300 0.1543
19306 0.1663
19400 0.1448
19500 0.1540
19600 0.1527
19657 0.1628
19700 0.1541
19800 0.1495
19900 0.1535
20000 0.1542
20008 0.1667
20100 0.1432
20200 0.1467
20300 0.1520
20359 0.1654
20400 0.1485
20500 0.1494
20600 0.1514
20700 0.1501
20710 0.1551
20800 0.1485
20900 0.1494
21000 0.1511
21061 0.1544
21100 0.1535
21200 0.1541
21300 0.1429
21400 0.1447
21412 0.1555
21500 0.1429
21600 0.1452
21700 0.1512
21763 0.1536
21800 0.1508
21900 0.1472
22000 0.1455
22100 0.1523
22114 0.1585
22200 0.1443
22300 0.1446
22400 0.1472
22465 0.1508
22500 0.1450
22600 0.1408
22700 0.1448
22800 0.1474
22816 0.1581
22900 0.1415
23000 0.1445
23100 0.1439
23167 0.1488
23200 0.1391
23300 0.1384
23400 0.1424
23500 0.1475
23518 0.1549
23600 0.1312
23700 0.1431
23800 0.1423
23869 0.1600
23900 0.1404
24000 0.1420
24100 0.1474
24200 0.1430
24220 0.1559
24300 0.1412
24400 0.1434
24500 0.1447
24571 0.1482
24600 0.1362
24700 0.1401
24800 0.1402
24900 0.1466
24922 0.1557
25000 0.1382
25100 0.1420
25200 0.1423
25273 0.1517
25300 0.1426
25400 0.1409
25500 0.1369
25600 0.1400
25624 0.1614
25700 0.1412
25800 0.1363
25900 0.1414
25975 0.1480
26000 0.1445
26100 0.1355
26200 0.1405
26300 0.1412
26326 0.1532
26400 0.1413
26500 0.1423
26600 0.1384
26677 0.1509
26700 0.1354
26800 0.1349
26900 0.1423
27000 0.1373
27028 0.1465
27100 0.1384
27200 0.1416
27300 0.1387
27379 0.1475
27400 0.1395
27500 0.1378
27600 0.1360
27700 0.1453
27730 0.1528
27800 0.1385
27900 0.1377
28000 0.1380
28081 0.1579
28100 0.1391
28200 0.1409
28300 0.1359
28400 0.1361
28432 0.1474
28500 0.1316
28600 0.1351
28700 0.1344
28783 0.1490
28800 0.1356
28900 0.1344
29000 0.1389
29100 0.1368
29134 0.1588
29200 0.1388
29300 0.1348
29400 0.1405
29485 0.1502
29500 0.1343
29600 0.1291
29700 0.1346
29800 0.1374
29836 0.1379
29900 0.1295
30000 0.1377
30100 0.1366
30187 0.1484
30200 0.1385
30300 0.1259
30400 0.1301
30500 0.1392
30538 0.1547
30600 0.1326
30700 0.1355
30800 0.1316
30889 0.1553
30900 0.1395
31000 0.1296
31100 0.1325
31200 0.1350
31240 0.1458
31300 0.1339
31400 0.1295
31500 0.1380
31591 0.1459
31600 0.1372
31700 0.1280
31800 0.1303
31900 0.1368
31942 0.1439
32000 0.1312
32100 0.1070
32200 0.0968
32293 0.1161
32300 0.0923
32400 0.0866
32500 0.0893
32600 0.0838
32644 0.1145
32700 0.0785
32800 0.0791
32900 0.0801
32995 0.1135
33000 0.0827
33100 0.0808
33200 0.0763
33300 0.0766
33346 0.1110
33400 0.0757
33500 0.0745
33600 0.0737
33697 0.1099
33700 0.0779
33800 0.0742
33900 0.0730
34000 0.0730
34048 0.1107
34100 0.0719
34200 0.0687
34300 0.0731
34399 0.1090
34400 0.0759
34500 0.0687
34600 0.0726
34700 0.0693
34750 0.1095
34800 0.0709
34900 0.0663
35000 0.0702
35100 0.0694
35101 0.1101
35200 0.0698
35300 0.0672
35400 0.0714
35452 0.1070
35500 0.0650
35600 0.0719
35700 0.0648
35800 0.0695
35803 0.1080
35900 0.0683
36000 0.0648
36100 0.0658
36154 0.1067
36200 0.0638
36300 0.0664
36400 0.0697
36500 0.0631
36505 0.1068
36600 0.0655
36700 0.0637
36800 0.0663
36856 0.1106
36900 0.0628
37000 0.0649
37100 0.0659
37200 0.0675
37207 0.1105
37300 0.0652
37400 0.0606
37500 0.0655
37558 0.1064
37600 0.0641
37700 0.0630
37800 0.0610
37900 0.0625
37909 0.1098
38000 0.0589
38100 0.0617
38200 0.0656
38260 0.1098
38300 0.0575
38400 0.0584
38500 0.0631
38600 0.0633
38611 0.1049
38700 0.0608
38800 0.0589
38900 0.0628
38962 0.1076
39000 0.0625
39100 0.0600
39200 0.0665
39300 0.0577
39313 0.1063
39400 0.0611
39500 0.0566
39600 0.0626
39664 0.1070
39700 0.0602
39800 0.0596
39900 0.0588
40000 0.0587
40015 0.1064
40100 0.0578
40200 0.0584
40300 0.0579
40366 0.1058
40400 0.0564
40500 0.0537
40600 0.0584
40700 0.0579
40717 0.1079
40800 0.0571
40900 0.0574
41000 0.0587
41068 0.1060
41100 0.0563
41200 0.0598
41300 0.0556
41400 0.0563
41419 0.1076
41500 0.0544
41600 0.0576
41700 0.0585
41770 0.1061
41800 0.0599
41900 0.0529
42000 0.0551
42100 0.0584
42121 0.1072
42200 0.0544
42300 0.0578
42400 0.0601
42472 0.1083
42500 0.0539
42600 0.0539
42700 0.0565
42800 0.0554
42823 0.1074
42900 0.0534
43000 0.0567
43100 0.0561
43174 0.1059
43200 0.0545
43300 0.0580
43400 0.0534
43500 0.0545
43525 0.1057
43600 0.0505
43700 0.0520
43800 0.0577
43876 0.1064
43900 0.0525
44000 0.0552
44100 0.0525
44200 0.0582
44227 0.1069
44300 0.0532
44400 0.0514
44500 0.0554
44578 0.1079
44600 0.0577
44700 0.0523
44800 0.0537
44900 0.0551
44929 0.1069
45000 0.0532
45100 0.0523
45200 0.0527
45280 0.1057
45300 0.0532
45400 0.0498
45500 0.0515
45600 0.0495
45631 0.1072
45700 0.0534
45800 0.0508
45900 0.0507
45982 0.1091
46000 0.0548
46100 0.0520
46200 0.0551
46300 0.0535
46333 0.1060
46400 0.0511
46500 0.0525
46600 0.0501
46684 0.1071
46700 0.0524
46800 0.0529
46900 0.0517
47000 0.0559
47035 0.1027
47100 0.0508
47200 0.0480
47300 0.0531
47386 0.1074
47400 0.0512
47500 0.0522
47600 0.0528
47700 0.0494
47737 0.1065
47800 0.0507
47900 0.0541
48000 0.0521
48088 0.1057
48100 0.0473
48200 0.0465
48300 0.0436
48400 0.0434
48439 0.1036
48500 0.0437
48600 0.0447
48700 0.0449
48790 0.1018
48800 0.0445
48900 0.0463
49000 0.0443
49100 0.0423
49141 0.1027
49200 0.0427
49300 0.0455
49400 0.0405
49492 0.1035
49500 0.0424
49600 0.0459
49700 0.0458
49800 0.0426
49843 0.1024
49900 0.0405
50000 0.0397
50100 0.0425
50194 0.1026
50200 0.0452
50300 0.0437
50400 0.0402
50500 0.0441
50545 0.1025
50600 0.0433
50700 0.0416
50800 0.0416
50896 0.1022
50900 0.0496
51000 0.0439
51100 0.0445
51200 0.0407
51247 0.1034
51300 0.0426
51400 0.0444
51500 0.0412
51598 0.1035
51600 0.0418
51700 0.0407
51800 0.0403
51900 0.0411
51949 0.1041
52000 0.0410
52100 0.0415
52200 0.0434
52300 0.0391
52300 0.1032
52400 0.0411
52500 0.0399
52600 0.0380
52651 0.1026
52700 0.0409
52800 0.0429
52900 0.0377
53000 0.0420
53002 0.1026
53100 0.0412
53200 0.0442
53300 0.0431
53353 0.1035
53400 0.0413
53500 0.0402
53600 0.0429
53700 0.0423
53704 0.1038
53800 0.0397
53900 0.0397
54000 0.0437
54055 0.1040
54100 0.0415
54200 0.0441
54300 0.0428
54400 0.0399
54406 0.1041
54500 0.0402
54600 0.0424
54700 0.0406
54757 0.1034
54800 0.0404
54900 0.0431
55000 0.0429
55100 0.0410
55108 0.1024
55200 0.0380
55300 0.0416
55400 0.0425
55459 0.1026
55500 0.0399
55600 0.0404
55700 0.0410
55800 0.0428
55810 0.1025
55900 0.0416
56000 0.0373
56100 0.0421
56161 0.1031
56200 0.0401
56300 0.0382
56400 0.0416
56500 0.0409
56512 0.1035
56600 0.0428
56700 0.0405
56800 0.0377
56863 0.1022
56900 0.0423
57000 0.0411
57100 0.0405
57200 0.0383
57214 0.1030
57300 0.0405
57400 0.0448
57500 0.0420
57565 0.1027
57600 0.0392
57700 0.0417
57800 0.0372
57900 0.0387
57916 0.1017
58000 0.0385
58100 0.0380
58200 0.0394
58267 0.1024
58300 0.0427
58400 0.0388
58500 0.0420
58600 0.0417
58618 0.1024
58700 0.0386
58800 0.0386
58900 0.0406
58969 0.1026
59000 0.0385
59100 0.0396
59200 0.0415
59300 0.0392
59320 0.1019
59400 0.0380
59500 0.0397
59600 0.0376
59671 0.1016
59700 0.0402
59800 0.0396
59900 0.0401
60000 0.0398
60022 0.1018
60100 0.0395
60200 0.0360
60300 0.0427
60373 0.1027
60400 0.0398
60500 0.0383
60600 0.0381
60700 0.0382
60724 0.1023
60800 0.0377
60900 0.0413
61000 0.0399
61075 0.1023
61100 0.0390
61200 0.0380
61300 0.0421
61400 0.0405
61426 0.1024
61500 0.0402
61600 0.0377
61700 0.0376
61777 0.1024
61800 0.0417
61900 0.0411
62000 0.0400
62100 0.0355
62128 0.1023
62200 0.0386
62300 0.0416
62400 0.0412
62479 0.1012
62500 0.0416
62600 0.0387
62700 0.0380
62800 0.0393
62830 0.1038
62900 0.0416
63000 0.0370
63100 0.0408
63181 0.1024
63200 0.0400
63300 0.0413
63400 0.0405
63500 0.0406
63532 0.1047
63600 0.0412
63700 0.0412
63800 0.0387
63883 0.1031
63900 0.0370
64000 0.0371
