100 0.6774
200 0.5539
300 0.4822
352 0.4609
400 0.4348
500 0.4033
600 0.3880
700 0.3587
703 0.4453
800 0.3412
900 0.3319
1000 0.3173
1054 0.2812
1100 0.3050
1200 0.2984
1300 0.2762
1400 0.2870
1405 0.2891
1500 0.2670
1600 0.2630
1700 0.2632
1756 0.2812
1800 0.2506
1900 0.2482
2000 0.2400
2100 0.2409
2107 0.3281
2200 0.2280
2300 0.2321
2400 0.2244
2458 0.2344
2500 0.2252
2600 0.2144
2700 0.2120
2800 0.2156
2809 0.2109
2900 0.2029
3000 0.2059
3100 0.2020
3160 0.2734
3200 0.2005
3300 0.1948
3400 0.1963
3500 0.1998
3511 0.1797
3600 0.1890
3700 0.1884
3800 0.1899
3862 0.2188
3900 0.1800
4000 0.1809
4100 0.1820
4200 0.1795
4213 0.2188
4300 0.1749
4400 0.1755
4500 0.1768
4564 0.2500
4600 0.1777
4700 0.1668
4800 0.1768
4900 0.1701
4915 0.2188
5000 0.1690
5100 0.1709
5200 0.1667
5266 0.1797
5300 0.1627
5400 0.1583
5500 0.1643
5600 0.1643
5617 0.1797
5700 0.1587
5800 0.1585
5900 0.1605
5968 0.1797
6000 0.1555
6100 0.1567
6200 0.1616
6300 0.1545
6319 0.2344
6400 0.1507
6500 0.1536
6600 0.1504
6670 0.2656
6700 0.1509
6800 0.1443
6900 0.1471
7000 0.1584
7021 0.1797
7100 0.1434
7200 0.1461
7300 0.1499
7372 0.2109
7400 0.1495
7500 0.1441
7600 0.1427
7700 0.1459
7723 0.1172
7800 0.1433
7900 0.1466
8000 0.1398
8074 0.2422
8100 0.1400
8200 0.1382
8300 0.1464
8400 0.1452
8425 0.1406
8500 0.1325
8600 0.1397
8700 0.1422
8776 0.2109
8800 0.1360
8900 0.1355
9000 0.1341
9100 0.1386
9127 0.1562
9200 0.1373
9300 0.1362
9400 0.1405
9478 0.1562
9500 0.1372
9600 0.1245
9700 0.1359
9800 0.1345
9829 0.2109
9900 0.1302
10000 0.1338
10100 0.1355
10180 0.1953
10200 0.1264
10300 0.1277
10400 0.1355
10500 0.1327
10531 0.1484
10600 0.1252
10700 0.1262
10800 0.1307
10882 0.2031
10900 0.1252
11000 0.1292
11100 0.1257
11200 0.1295
11233 0.1797
11300 0.1266
11400 0.1208
11500 0.1288
11584 0.1719
11600 0.1293
11700 0.1222
11800 0.1269
11900 0.1243
11935 0.1562
12000 0.1198
12100 0.1232
12200 0.1294
12286 0.1641
12300 0.1245
12400 0.1199
12500 0.1218
12600 0.1235
12637 0.1953
12700 0.1178
12800 0.1214
12900 0.1209
12988 0.1406
13000 0.1268
13100 0.1189
13200 0.1193
13300 0.1255
13339 0.1719
13400 0.1198
13500 0.1122
13600 0.1243
13690 0.1875
13700 0.1219
13800 0.1141
13900 0.1198
14000 0.1233
14041 0.1797
14100 0.1221
14200 0.1185
14300 0.1202
14392 0.1641
14400 0.1197
14500 0.1112
14600 0.1164
14700 0.1214
14743 0.1562
14800 0.1153
14900 0.1176
15000 0.1197
15094 0.1719
15100 0.1165
15200 0.1177
15300 0.1159
15400 0.1154
15445 0.1953
15500 0.1188
15600 0.1097
15700 0.1152
15796 0.1719
15800 0.1158
15900 0.1086
16000 0.1145
16100 0.1191
16147 0.1875
16200 0.1102
16300 0.1134
16400 0.1137
16498 0.1875
16500 0.1162
16600 0.1130
16700 0.1117
16800 0.1154
16849 0.2188
16900 0.1069
17000 0.1115
17100 0.1120
17200 0.1187
17200 0.1719
17300 0.1053
17400 0.1066
17500 0.1222
17551 0.2109
17600 0.1098
17700 0.1075
17800 0.1093
17900 0.1137
17902 0.2188
18000 0.1036
18100 0.1073
18200 0.1177
18253 0.1719
18300 0.1131
18400 0.1166
18500 0.1123
18600 0.1122
18604 0.1562
18700 0.1005
18800 0.1067
18900 0.1081
18955 0.2344
19000 0.1083
19100 0.1109
19200 0.1070
19300 0.1120
19306 0.1719
19400 0.1017
19500 0.1059
19600 0.1077
19657 0.2422
19700 0.1043
19800 0.1055
19900 0.1122
20000 0.1109
20008 0.1641
20100 0.1084
20200 0.1102
20300 0.1066
20359 0.1641
20400 0.1103
20500 0.1030
20600 0.1105
20700 0.1085
20710 0.1562
20800 0.1002
20900 0.1093
21000 0.1117
21061 0.1484
21100 0.1065
21200 0.1082
21300 0.1032
21400 0.1110
21412 0.1328
21500 0.1027
21600 0.1041
21700 0.1080
21763 0.2031
21800 0.1025
21900 0.1033
22000 0.1041
22100 0.1103
22114 0.1250
22200 0.1001
22300 0.1055
22400 0.1064
22465 0.1797
22500 0.1054
22600 0.0996
22700 0.1039
22800 0.1081
22816 0.1484
22900 0.0998
23000 0.1015
23100 0.1066
23167 0.1484
23200 0.1039
23300 0.1015
23400 0.1054
23500 0.1050
23518 0.1250
23600 0.1000
23700 0.0995
23800 0.1056
23869 0.1250
23900 0.1027
24000 0.0955
24100 0.1018
24200 0.1060
24220 0.1875
24300 0.0955
24400 0.1030
24500 0.1001
24571 0.1797
24600 0.1059
24700 0.1015
24800 0.1038
24900 0.1061
24922 0.1719
25000 0.1002
25100 0.1012
25200 0.1050
25273 0.1172
25300 0.1041
25400 0.1019
25500 0.1023
25600 0.1015
25624 0.1797
25700 0.0992
25800 0.0982
25900 0.1048
25975 0.1562
26000 0.1030
26100 0.0984
26200 0.0998
26300 0.1011
26326 0.1406
26400 0.1012
26500 0.0977
26600 0.1043
26677 0.1797
26700 0.0981
26800 0.0891
26900 0.0991
27000 0.1068
27028 0.1406
27100 0.0960
27200 0.0981
27300 0.0971
27379 0.1562
27400 0.1073
27500 0.0945
27600 0.1025
27700 0.1058
27730 0.1719
27800 0.0984
27900 0.0981
28000 0.0969
28081 0.1875
28100 0.0974
28200 0.0925
28300 0.0977
28400 0.1016
28432 0.1641
28500 0.0953
28600 0.0968
28700 0.0984
28783 0.1562
28800 0.1025
28900 0.0945
29000 0.1023
29100 0.1006
29134 0.1328
29200 0.0916
29300 0.0905
29400 0.0988
29485 0.1719
29500 0.0982
29600 0.0884
29700 0.0970
29800 0.1011
29836 0.1484
29900 0.0952
30000 0.0967
30100 0.0961
30187 0.1719
30200 0.1009
30300 0.0970
30400 0.0984
30500 0.1070
30538 0.1094
30600 0.0937
30700 0.0975
30800 0.1030
30889 0.1719
30900 0.0974
31000 0.0975
31100 0.0983
31200 0.1039
31240 0.1719
31300 0.0927
31400 0.0998
31500 0.1068
31591 0.2109
31600 0.0963
31700 0.0916
31800 0.0960
31900 0.1061
31942 0.1406
32000 0.0993
32100 0.0724
32200 0.0613
32293 0.1172
32300 0.0605
32400 0.0526
32500 0.0558
32600 0.0532
32644 0.1250
32700 0.0527
32800 0.0511
32900 0.0460
32995 0.1016
33000 0.0489
33100 0.0467
33200 0.0453
33300 0.0520
33346 0.1406
33400 0.0445
33500 0.0465
33600 0.0414
33697 0.1250
33700 0.0467
33800 0.0395
33900 0.0447
34000 0.0435
34048 0.1562
34100 0.0461
34200 0.0428
34300 0.0385
34399 0.1094
34400 0.0406
34500 0.0400
34600 0.0395
34700 0.0412
34750 0.1250
34800 0.0382
34900 0.0384
35000 0.0374
35100 0.0377
35101 0.1562
35200 0.0397
35300 0.0344
35400 0.0412
35452 0.1641
35500 0.0367
35600 0.0366
35700 0.0348
35800 0.0369
35803 0.0859
35900 0.0351
36000 0.0346
36100 0.0370
36154 0.0938
36200 0.0366
36300 0.0337
36400 0.0366
36500 0.0384
36505 0.1797
36600 0.0360
36700 0.0387
36800 0.0345
36856 0.1016
36900 0.0357
37000 0.0304
37100 0.0316
37200 0.0341
37207 0.0938
37300 0.0331
37400 0.0341
37500 0.0326
37558 0.1562
37600 0.0349
37700 0.0337
37800 0.0302
37900 0.0360
37909 0.1172
38000 0.0320
38100 0.0343
38200 0.0336
38260 0.0859
38300 0.0294
38400 0.0309
38500 0.0338
38600 0.0301
38611 0.1719
38700 0.0295
38800 0.0312
38900 0.0309
38962 0.1172
39000 0.0330
39100 0.0299
39200 0.0309
39300 0.0308
39313 0.1094
39400 0.0327
39500 0.0309
39600 0.0291
39664 0.1562
39700 0.0301
39800 0.0295
39900 0.0309
40000 0.0312
40015 0.1250
40100 0.0303
40200 0.0304
40300 0.0295
40366 0.1094
40400 0.0309
40500 0.0304
40600 0.0309
40700 0.0311
40717 0.1250
40800 0.0285
40900 0.0314
41000 0.0283
41068 0.0859
41100 0.0282
41200 0.0290
41300 0.0264
41400 0.0266
41419 0.1641
41500 0.0283
41600 0.0277
41700 0.0262
41770 0.0938
41800 0.0302
41900 0.0282
42000 0.0292
42100 0.0259
42121 0.0859
42200 0.0288
42300 0.0277
42400 0.0280
42472 0.1484
42500 0.0271
42600 0.0250
