100 0.8711
200 0.8398
300 0.8313
400 0.8109
500 0.7664
600 0.7516
700 0.7344
800 0.7547
900 0.7250
1000 0.7312
1100 0.7164
1200 0.7039
1300 0.6930
1400 0.7094
1500 0.6672
1600 0.6836
1700 0.6633
1800 0.6539
1900 0.6602
2000 0.6453
2100 0.6430
2200 0.6000
2300 0.6141
2400 0.6477
2500 0.6180
2600 0.6219
2700 0.6148
2800 0.6102
2900 0.5938
3000 0.6039
3100 0.5930
3200 0.5930
3300 0.5781
3400 0.5727
3500 0.5539
3600 0.5766
3700 0.5609
3800 0.5680
3900 0.5781
4000 0.5477
4100 0.5773
4200 0.5352
4300 0.5281
4400 0.5406
4500 0.5125
4600 0.5125
4700 0.5359
4800 0.4922
4900 0.5008
5000 0.5047
5100 0.5062
5200 0.5062
5300 0.4867
5400 0.5109
5500 0.4867
5600 0.4852
5700 0.4938
5800 0.4820
5900 0.4531
6000 0.4742
6100 0.4633
6200 0.4484
6300 0.4852
6400 0.4578
6500 0.4523
6600 0.4539
6700 0.4383
6800 0.4344
6900 0.4336
7000 0.4258
7100 0.4102
7200 0.4297
7300 0.4391
7400 0.4211
7500 0.4344
7600 0.4375
7700 0.4203
7800 0.4016
7900 0.4070
8000 0.4000
8100 0.4000
8200 0.3781
8300 0.3914
8400 0.3992
8500 0.3781
8600 0.3875
8700 0.3750
8800 0.3719
8900 0.3625
9000 0.3711
9100 0.3281
9200 0.3969
9300 0.3539
9400 0.3484
9500 0.3664
9600 0.3375
9700 0.3445
9800 0.3359
9900 0.3250
10000 0.3469
10100 0.3594
10200 0.3453
10300 0.3211
10400 0.3203
10500 0.3078
10600 0.3219
10700 0.3391
10800 0.3406
10900 0.3352
11000 0.3133
11100 0.3203
11200 0.3266
11300 0.3148
11400 0.2867
11500 0.3055
11600 0.3016
11700 0.3250
11800 0.2914
11900 0.2891
12000 0.2828
12100 0.2914
12200 0.2906
12300 0.2977
12400 0.2742
12500 0.2758
12600 0.3133
12700 0.2617
12800 0.2453
12900 0.3117
13000 0.2961
13100 0.2594
13200 0.2688
13300 0.2773
13400 0.2773
13500 0.2812
13600 0.2766
13700 0.2672
13800 0.2953
13900 0.2461
14000 0.2867
14100 0.2562
14200 0.2586
14300 0.2438
14400 0.2516
14500 0.2656
14600 0.2438
14700 0.2398
14800 0.2539
14900 0.2570
15000 0.2359
15100 0.2398
15200 0.2500
15300 0.2328
15400 0.2445
15500 0.2570
15600 0.2578
15700 0.2492
15800 0.2391
15900 0.2242
16000 0.2438
16100 0.2578
16200 0.2453
16300 0.2367
16400 0.2406
16500 0.2312
16600 0.2234
16700 0.2203
16800 0.2211
16900 0.2375
17000 0.2305
17100 0.2445
17200 0.2266
17300 0.2375
17400 0.2289
17500 0.2031
17600 0.2344
17700 0.2367
17800 0.2336
17900 0.2352
18000 0.2234
18100 0.2422
18200 0.2273
18300 0.2320
18400 0.2258
18500 0.2266
18600 0.2305
18700 0.2102
18800 0.2031
18900 0.2219
19000 0.1984
19100 0.2211
19200 0.2375
19300 0.2211
19400 0.2297
19500 0.2039
19600 0.2063
19700 0.2172
19800 0.2117
19900 0.2148
20000 0.2047
20100 0.2070
20200 0.1992
20300 0.2117
20400 0.1687
20500 0.1883
20600 0.1844
20700 0.2063
20800 0.2039
20900 0.2031
21000 0.1961
21100 0.1867
21200 0.2141
21300 0.1898
21400 0.1945
21500 0.2141
21600 0.2180
21700 0.1906
21800 0.2039
21900 0.2055
22000 0.2141
22100 0.2000
22200 0.1875
22300 0.2008
22400 0.2000
22500 0.1727
22600 0.1875
22700 0.1891
22800 0.1836
22900 0.2039
23000 0.1813
23100 0.1836
23200 0.1961
23300 0.1875
23400 0.1758
23500 0.1953
23600 0.1930
23700 0.1930
23800 0.1797
23900 0.1844
24000 0.1836
24100 0.1984
24200 0.1703
24300 0.1992
24400 0.1961
24500 0.1977
24600 0.1883
24700 0.1859
24800 0.2000
24900 0.2000
25000 0.1930
25100 0.1898
25200 0.1891
25300 0.1797
25400 0.1781
25500 0.2031
25600 0.1937
25700 0.1687
25800 0.2031
25900 0.1937
26000 0.1953
26100 0.1930
26200 0.1891
26300 0.1828
26400 0.1742
26500 0.1820
26600 0.1734
26700 0.1680
26800 0.1617
26900 0.1734
27000 0.1797
27100 0.1836
27200 0.1914
27300 0.1828
27400 0.1867
27500 0.1813
27600 0.1844
27700 0.1734
27800 0.1813
27900 0.1930
28000 0.1703
28100 0.1625
28200 0.1734
28300 0.1742
28400 0.1680
28500 0.1578
28600 0.1836
28700 0.1898
28800 0.1750
28900 0.1734
29000 0.1633
29100 0.1695
29200 0.1594
29300 0.1758
29400 0.1844
29500 0.1820
29600 0.1727
29700 0.1797
29800 0.1867
29900 0.1727
30000 0.1648
30100 0.1867
30200 0.1594
30300 0.1664
30400 0.1656
30500 0.1961
30600 0.1703
30700 0.1711
30800 0.1539
30900 0.1633
31000 0.1687
31100 0.1687
31200 0.1602
31300 0.1703
31400 0.1742
31500 0.1648
31600 0.1711
31700 0.1711
31800 0.1797
31900 0.1695
32000 0.1594
32100 0.1344
32200 0.1086
32300 0.1125
32400 0.1195
32500 0.1117
32600 0.1180
32700 0.1172
32800 0.1102
32900 0.1016
33000 0.1094
33100 0.0898
33200 0.1094
33300 0.0844
33400 0.0938
33500 0.0961
33600 0.0867
33700 0.0969
33800 0.1008
33900 0.0891
34000 0.0945
34100 0.0875
34200 0.0992
34300 0.0953
34400 0.1031
34500 0.0945
34600 0.0805
34700 0.1023
34800 0.0898
34900 0.0859
35000 0.0828
35100 0.0898
35200 0.0969
35300 0.0906
35400 0.0664
35500 0.0789
35600 0.0836
35700 0.0914
35800 0.0906
35900 0.0766
36000 0.0836
36100 0.0797
36200 0.0805
36300 0.0852
36400 0.0789
36500 0.0906
36600 0.0711
36700 0.0773
36800 0.0773
36900 0.0758
37000 0.0898
37100 0.0727
37200 0.0813
37300 0.0680
37400 0.0734
37500 0.0758
37600 0.0805
37700 0.0680
37800 0.0844
37900 0.0781
38000 0.0617
38100 0.0711
38200 0.0813
38300 0.0734
38400 0.0727
38500 0.0641
38600 0.0820
38700 0.0773
38800 0.0687
38900 0.0789
39000 0.0789
39100 0.0711
39200 0.0609
39300 0.0711
39400 0.0750
39500 0.0727
39600 0.0758
39700 0.0711
39800 0.0586
39900 0.0719
40000 0.0711
40100 0.0695
40200 0.0633
40300 0.0820
40400 0.0703
40500 0.0687
40600 0.0719
40700 0.0695
40800 0.0727
40900 0.0602
41000 0.0648
41100 0.0672
41200 0.0742
41300 0.0633
41400 0.0687
41500 0.0625
41600 0.0719
41700 0.0641
41800 0.0727
41900 0.0656
42000 0.0648
42100 0.0664
42200 0.0742
42300 0.0602
42400 0.0695
42500 0.0594
42600 0.0734
42700 0.0586
42800 0.0656
42900 0.0687
43000 0.0789
43100 0.0633
43200 0.0672
43300 0.0547
43400 0.0625
43500 0.0641
43600 0.0648
43700 0.0672
43800 0.0641
43900 0.0586
44000 0.0484
44100 0.0578
44200 0.0648
44300 0.0703
44400 0.0547
44500 0.0516
44600 0.0594
44700 0.0578
44800 0.0531
44900 0.0555
45000 0.0570
45100 0.0687
45200 0.0594
45300 0.0641
45400 0.0586
45500 0.0477
45600 0.0672
45700 0.0531
45800 0.0531
45900 0.0539
46000 0.0453
46100 0.0602
46200 0.0625
46300 0.0578
46400 0.0484
46500 0.0484
46600 0.0508
46700 0.0586
46800 0.0570
46900 0.0555
47000 0.0461
47100 0.0492
47200 0.0570
47300 0.0586
47400 0.0508
47500 0.0625
47600 0.0547
47700 0.0555
47800 0.0375
47900 0.0508
48000 0.0516
48100 0.0391
48200 0.0508
48300 0.0461
48400 0.0469
48500 0.0289
48600 0.0383
48700 0.0453
48800 0.0516
48900 0.0422
49000 0.0383
49100 0.0320
49200 0.0422
49300 0.0398
49400 0.0367
49500 0.0391
49600 0.0312
49700 0.0406
49800 0.0289
49900 0.0391
50000 0.0359
50100 0.0289
50200 0.0352
50300 0.0461
50400 0.0289
50500 0.0344
50600 0.0430
50700 0.0398
50800 0.0422
50900 0.0336
51000 0.0344
51100 0.0367
51200 0.0469
51300 0.0359
51400 0.0289
51500 0.0328
51600 0.0320
51700 0.0437
51800 0.0430
51900 0.0383
52000 0.0352
52100 0.0398
52200 0.0344
52300 0.0391
52400 0.0305
52500 0.0289
52600 0.0391
52700 0.0375
52800 0.0297
52900 0.0500
53000 0.0359
53100 0.0336
53200 0.0383
53300 0.0352
53400 0.0398
53500 0.0500
53600 0.0414
53700 0.0375
53800 0.0383
53900 0.0500
54000 0.0383
54100 0.0406
54200 0.0391
54300 0.0328
54400 0.0305
54500 0.0344
54600 0.0359
54700 0.0437
54800 0.0328
54900 0.0320
55000 0.0344
55100 0.0359
55200 0.0391
55300 0.0375
55400 0.0344
55500 0.0453
55600 0.0320
55700 0.0328
55800 0.0352
55900 0.0359
56000 0.0383
56100 0.0398
56200 0.0414
56300 0.0453
56400 0.0391
56500 0.0336
56600 0.0383
56700 0.0258
56800 0.0352
56900 0.0383
57000 0.0320
57100 0.0297
57200 0.0359
57300 0.0352
57400 0.0352
57500 0.0422
57600 0.0320
57700 0.0258
57800 0.0414
57900 0.0445
58000 0.0359
58100 0.0328
58200 0.0344
58300 0.0391
58400 0.0289
58500 0.0320
58600 0.0227
58700 0.0375
58800 0.0297
58900 0.0289
59000 0.0305
59100 0.0328
59200 0.0383
59300 0.0297
59400 0.0375
59500 0.0312
59600 0.0375
59700 0.0344
59800 0.0359
59900 0.0312
60000 0.0250
60100 0.0281
60200 0.0320
60300 0.0258
60400 0.0234
60500 0.0289
60600 0.0273
60700 0.0273
60800 0.0305
60900 0.0344
61000 0.0281
61100 0.0391
61200 0.0352
61300 0.0305
61400 0.0391
61500 0.0312
61600 0.0367
61700 0.0250
61800 0.0289
61900 0.0312
62000 0.0289
62100 0.0273
62200 0.0312
62300 0.0391
62400 0.0250
62500 0.0258
62600 0.0320
62700 0.0305
62800 0.0359
62900 0.0305
63000 0.0227
63100 0.0352
63200 0.0367
63300 0.0266
63400 0.0312
63500 0.0234
63600 0.0367
63700 0.0367
63800 0.0305
63900 0.0320
64000 0.0406
