100 0.7375
200 0.6906
300 0.6281
400 0.5984
500 0.5734
600 0.7125
700 0.6172
800 0.5766
900 0.5781
1000 0.5281
1100 0.4797
1200 0.4609
1300 0.4437
1400 0.4297
1500 0.3922
1600 0.3391
1700 0.3625
1800 0.3203
1900 0.3453
2000 0.3328
2100 0.2969
2200 0.3141
2300 0.2891
2400 0.2953
2500 0.2734
2600 0.2953
2700 0.2781
2800 0.2703
2900 0.2406
3000 0.2297
3100 0.2391
3200 0.2438
3300 0.2438
3400 0.2344
3500 0.1937
3600 0.2219
3700 0.2141
3800 0.2203
3900 0.2391
4000 0.2203
4100 0.2125
4200 0.1953
4300 0.1672
4400 0.1984
4500 0.1984
4600 0.1844
4700 0.1859
4800 0.2094
4900 0.2094
5000 0.2047
5100 0.2016
5200 0.2063
5300 0.1922
5400 0.2172
5500 0.1687
5600 0.1859
5700 0.1984
5800 0.1562
5900 0.1828
6000 0.1422
6100 0.1734
6200 0.1672
6300 0.1672
6400 0.1750
6500 0.2000
6600 0.1656
6700 0.1875
6800 0.1734
6900 0.1625
7000 0.1953
7100 0.1453
7200 0.1656
7300 0.1578
7400 0.1406
7500 0.1344
7600 0.1641
7700 0.1734
7800 0.1344
7900 0.1516
8000 0.1719
8100 0.1375
8200 0.1641
8300 0.1391
8400 0.1453
8500 0.1453
8600 0.1344
8700 0.1484
8800 0.1484
8900 0.1359
9000 0.1453
9100 0.1391
9200 0.1188
9300 0.1219
9400 0.1344
9500 0.1172
9600 0.1531
9700 0.1641
9800 0.1547
9900 0.1391
10000 0.1234
10100 0.1375
10200 0.1438
10300 0.1547
10400 0.1609
10500 0.1359
10600 0.1016
10700 0.1438
10800 0.1516
10900 0.1281
11000 0.1375
11100 0.1312
11200 0.1438
11300 0.1469
11400 0.1594
11500 0.1281
11600 0.1359
11700 0.1375
11800 0.1406
11900 0.1203
12000 0.1250
12100 0.1250
12200 0.1406
12300 0.1609
12400 0.1516
12500 0.1484
12600 0.1219
12700 0.1406
12800 0.1344
12900 0.1141
13000 0.1297
13100 0.1266
13200 0.1109
13300 0.1344
13400 0.1266
13500 0.1141
13600 0.1156
13700 0.1047
13800 0.1000
13900 0.1000
14000 0.1250
14100 0.0984
14200 0.1375
14300 0.1516
14400 0.1219
14500 0.1156
14600 0.1375
14700 0.1297
14800 0.1125
14900 0.1172
15000 0.1047
15100 0.1250
15200 0.1297
15300 0.1375
15400 0.1234
15500 0.1234
15600 0.1016
15700 0.1406
15800 0.1219
15900 0.1047
16000 0.1188
16100 0.1172
16200 0.1172
16300 0.1094
16400 0.1078
16500 0.1109
16600 0.1125
16700 0.1125
16800 0.1172
16900 0.1203
17000 0.1203
17100 0.1188
17200 0.1125
17300 0.1000
17400 0.1203
17500 0.1047
17600 0.1125
17700 0.1016
17800 0.1078
17900 0.1172
18000 0.1250
18100 0.0938
18200 0.1156
18300 0.1125
18400 0.0906
18500 0.1016
18600 0.1531
18700 0.0953
18800 0.1219
18900 0.1281
19000 0.1359
19100 0.1031
19200 0.0891
19300 0.0984
19400 0.0922
19500 0.1047
19600 0.0891
19700 0.0844
19800 0.0828
19900 0.1078
20000 0.1062
20100 0.1000
20200 0.1156
20300 0.1016
20400 0.0969
20500 0.0906
20600 0.1078
20700 0.1031
20800 0.0984
20900 0.1141
21000 0.0969
21100 0.0953
21200 0.1031
21300 0.1094
21400 0.0922
21500 0.1188
21600 0.1172
21700 0.0844
21800 0.0953
21900 0.0938
22000 0.1031
22100 0.0734
22200 0.1188
22300 0.1016
22400 0.0859
22500 0.0813
22600 0.1000
22700 0.1062
22800 0.1156
22900 0.1000
23000 0.1031
23100 0.1219
23200 0.1219
23300 0.1125
23400 0.1000
23500 0.0797
23600 0.1000
23700 0.1172
23800 0.1016
23900 0.0984
24000 0.1078
24100 0.0922
24200 0.1125
24300 0.1203
24400 0.1062
24500 0.1000
24600 0.0875
24700 0.0781
24800 0.0906
24900 0.1062
25000 0.1156
25100 0.1078
25200 0.1000
25300 0.1047
25400 0.1125
25500 0.0813
25600 0.0984
25700 0.0938
25800 0.1156
25900 0.1062
26000 0.0828
26100 0.0844
26200 0.1156
26300 0.0875
26400 0.0938
26500 0.1234
26600 0.1047
26700 0.1000
26800 0.0859
26900 0.0609
27000 0.1031
27100 0.1328
27200 0.1109
27300 0.0984
27400 0.0969
27500 0.0750
27600 0.1031
27700 0.1156
27800 0.1047
27900 0.1062
28000 0.1047
28100 0.0875
28200 0.1062
28300 0.0781
28400 0.0969
28500 0.0938
28600 0.0922
28700 0.0969
28800 0.0797
28900 0.0953
29000 0.0938
29100 0.1094
29200 0.1094
29300 0.0922
29400 0.1156
29500 0.1203
29600 0.0813
29700 0.0906
29800 0.0875
29900 0.0766
30000 0.0922
30100 0.0984
30200 0.0906
30300 0.1047
30400 0.0781
30500 0.0750
30600 0.0938
30700 0.0891
30800 0.0828
30900 0.0828
31000 0.0906
31100 0.0687
31200 0.1000
31300 0.1016
31400 0.1094
31500 0.1219
31600 0.0844
31700 0.0984
31800 0.0797
31900 0.0906
32000 0.0922
32100 0.0797
32200 0.0469
32300 0.0469
32400 0.0406
32500 0.0391
32600 0.0281
32700 0.0250
32800 0.0344
32900 0.0219
33000 0.0375
33100 0.0344
33200 0.0344
33300 0.0422
33400 0.0312
33500 0.0281
33600 0.0391
33700 0.0234
33800 0.0422
33900 0.0250
34000 0.0344
34100 0.0469
34200 0.0281
34300 0.0203
34400 0.0203
34500 0.0328
34600 0.0234
34700 0.0375
34800 0.0266
34900 0.0219
35000 0.0375
35100 0.0375
35200 0.0297
35300 0.0188
35400 0.0281
35500 0.0172
35600 0.0266
35700 0.0234
35800 0.0266
35900 0.0188
36000 0.0188
36100 0.0250
36200 0.0297
36300 0.0156
36400 0.0281
36500 0.0250
36600 0.0312
36700 0.0188
36800 0.0203
36900 0.0203
37000 0.0203
37100 0.0219
37200 0.0391
37300 0.0219
37400 0.0141
37500 0.0125
37600 0.0266
37700 0.0297
37800 0.0125
37900 0.0141
38000 0.0219
38100 0.0203
38200 0.0188
38300 0.0094
38400 0.0203
38500 0.0203
38600 0.0141
38700 0.0172
38800 0.0156
38900 0.0281
39000 0.0141
39100 0.0125
39200 0.0203
39300 0.0203
39400 0.0125
39500 0.0125
39600 0.0156
39700 0.0109
39800 0.0172
39900 0.0062
40000 0.0156
40100 0.0172
40200 0.0172
40300 0.0156
40400 0.0188
40500 0.0188
40600 0.0234
40700 0.0062
40800 0.0234
40900 0.0188
41000 0.0219
41100 0.0172
41200 0.0141
41300 0.0094
41400 0.0078
41500 0.0094
41600 0.0188
41700 0.0109
41800 0.0062
41900 0.0141
42000 0.0219
42100 0.0266
42200 0.0156
42300 0.0109
42400 0.0156
42500 0.0234
42600 0.0062
42700 0.0062
42800 0.0156
42900 0.0094
43000 0.0203
43100 0.0078
43200 0.0172
43300 0.0125
43400 0.0078
43500 0.0094
43600 0.0203
43700 0.0062
43800 0.0172
43900 0.0094
44000 0.0062
44100 0.0188
44200 0.0188
44300 0.0203
44400 0.0047
44500 0.0062
44600 0.0016
44700 0.0109
44800 0.0078
44900 0.0141
45000 0.0172
45100 0.0094
45200 0.0016
45300 0.0141
45400 0.0109
45500 0.0109
45600 0.0109
45700 0.0156
45800 0.0125
45900 0.0047
46000 0.0031
46100 0.0172
46200 0.0094
46300 0.0125
46400 0.0141
46500 0.0094
46600 0.0078
46700 0.0016
46800 0.0094
46900 0.0094
47000 0.0062
47100 0.0234
47200 0.0094
47300 0.0016
47400 0.0094
47500 0.0125
47600 0.0016
47700 0.0000
47800 0.0094
47900 0.0094
48000 0.0125
48100 0.0062
48200 0.0047
48300 0.0062
48400 0.0109
48500 0.0031
48600 0.0047
48700 0.0047
48800 0.0078
48900 0.0062
49000 0.0047
49100 0.0047
49200 0.0125
49300 0.0078
49400 0.0031
49500 0.0047
49600 0.0125
49700 0.0078
49800 0.0031
49900 0.0000
50000 0.0031
50100 0.0031
50200 0.0094
50300 0.0078
50400 0.0078
50500 0.0047
50600 0.0016
50700 0.0047
50800 0.0094
50900 0.0031
51000 0.0031
51100 0.0031
51200 0.0031
51300 0.0062
51400 0.0047
51500 0.0125
51600 0.0047
51700 0.0031
51800 0.0062
51900 0.0047
52000 0.0016
52100 0.0016
52200 0.0047
52300 0.0000
52400 0.0078
52500 0.0062
52600 0.0047
52700 0.0062
52800 0.0047
52900 0.0000
53000 0.0047
53100 0.0000
53200 0.0031
53300 0.0000
53400 0.0078
53500 0.0047
53600 0.0016
53700 0.0047
53800 0.0031
53900 0.0016
54000 0.0062
54100 0.0047
54200 0.0031
54300 0.0016
54400 0.0031
54500 0.0031
54600 0.0031
54700 0.0047
54800 0.0062
54900 0.0031
55000 0.0016
55100 0.0078
55200 0.0031
55300 0.0047
55400 0.0016
55500 0.0016
55600 0.0062
55700 0.0047
55800 0.0031
55900 0.0016
56000 0.0031
56100 0.0047
56200 0.0047
56300 0.0031
56400 0.0016
56500 0.0062
56600 0.0094
56700 0.0016
56800 0.0016
56900 0.0031
57000 0.0047
57100 0.0078
57200 0.0078
57300 0.0031
57400 0.0078
57500 0.0062
57600 0.0031
57700 0.0016
57800 0.0031
57900 0.0000
58000 0.0062
58100 0.0078
58200 0.0016
58300 0.0062
58400 0.0031
58500 0.0031
58600 0.0047
58700 0.0016
58800 0.0031
58900 0.0031
59000 0.0016
59100 0.0062
59200 0.0000
59300 0.0016
59400 0.0016
59500 0.0078
59600 0.0000
59700 0.0016
59800 0.0031
59900 0.0016
60000 0.0047
60100 0.0016
60200 0.0062
60300 0.0094
60400 0.0016
60500 0.0031
60600 0.0000
60700 0.0062
60800 0.0078
60900 0.0031
61000 0.0016
61100 0.0031
61200 0.0000
61300 0.0047
61400 0.0016
61500 0.0047
61600 0.0047
61700 0.0047
61800 0.0031
61900 0.0031
62000 0.0000
62100 0.0047
62200 0.0047
62300 0.0078
62400 0.0031
62500 0.0016
62600 0.0000
62700 0.0016
62800 0.0031
62900 0.0031
63000 0.0016
63100 0.0047
63200 0.0000
63300 0.0016
63400 0.0000
63500 0.0000
63600 0.0000
63700 0.0031
63800 0.0047
63900 0.0031
64000 0.0047
