100 0.7781
200 0.6875
300 0.6125
400 0.6016
500 0.5859
600 0.6328
700 0.6125
800 0.5109
900 0.4969
1000 0.4437
1100 0.4469
1200 0.4281
1300 0.3922
1400 0.4000
1500 0.3594
1600 0.3656
1700 0.3516
1800 0.3656
1900 0.3141
2000 0.2984
2100 0.3297
2200 0.3000
2300 0.2906
2400 0.2953
2500 0.2719
2600 0.2625
2700 0.2891
2800 0.2781
2900 0.2344
3000 0.2359
3100 0.2547
3200 0.2359
3300 0.2359
3400 0.2109
3500 0.2391
3600 0.2281
3700 0.2156
3800 0.2125
3900 0.2063
4000 0.2234
4100 0.1922
4200 0.2391
4300 0.1906
4400 0.1891
4500 0.2063
4600 0.2031
4700 0.1813
4800 0.2063
4900 0.1906
5000 0.1750
5100 0.2016
5200 0.1766
5300 0.1750
5400 0.1969
5500 0.1734
5600 0.1969
5700 0.1609
5800 0.1625
5900 0.1969
6000 0.1922
6100 0.1734
6200 0.1562
6300 0.1844
6400 0.1578
6500 0.1687
6600 0.1594
6700 0.1531
6800 0.1781
6900 0.2016
7000 0.1719
7100 0.1687
7200 0.1562
7300 0.1797
7400 0.1625
7500 0.1375
7600 0.1562
7700 0.1531
7800 0.1422
7900 0.1500
8000 0.1578
8100 0.1328
8200 0.1547
8300 0.1500
8400 0.1609
8500 0.1625
8600 0.1547
8700 0.1516
8800 0.1281
8900 0.1562
9000 0.1469
9100 0.1453
9200 0.1328
9300 0.1344
9400 0.1641
9500 0.1516
9600 0.1484
9700 0.1375
9800 0.1469
9900 0.1156
10000 0.1281
10100 0.1125
10200 0.1188
10300 0.1406
10400 0.1734
10500 0.1453
10600 0.1359
10700 0.1656
10800 0.1516
10900 0.1266
11000 0.1484
11100 0.1094
11200 0.1562
11300 0.1344
11400 0.1188
11500 0.1141
11600 0.1234
11700 0.1625
11800 0.1031
11900 0.1672
12000 0.1141
12100 0.1500
12200 0.1344
12300 0.1219
12400 0.1141
12500 0.1281
12600 0.1484
12700 0.1297
12800 0.1172
12900 0.1297
13000 0.1188
13100 0.1438
13200 0.1281
13300 0.1781
13400 0.1328
13500 0.1344
13600 0.1328
13700 0.1375
13800 0.1109
13900 0.1438
14000 0.1000
14100 0.1438
14200 0.1234
14300 0.1516
14400 0.1375
14500 0.1188
14600 0.1312
14700 0.1219
14800 0.1297
14900 0.1109
15000 0.1250
15100 0.1188
15200 0.1422
15300 0.1125
15400 0.1109
15500 0.1062
15600 0.1016
15700 0.1406
15800 0.1281
15900 0.0875
16000 0.0984
16100 0.1125
16200 0.1000
16300 0.1141
16400 0.1406
16500 0.1250
16600 0.1344
16700 0.1062
16800 0.1031
16900 0.1234
17000 0.1031
17100 0.1016
17200 0.1016
17300 0.1250
17400 0.0938
17500 0.1344
17600 0.1078
17700 0.0938
17800 0.1000
17900 0.1000
18000 0.0953
18100 0.0953
18200 0.1125
18300 0.1203
18400 0.1000
18500 0.1125
18600 0.1250
18700 0.1312
18800 0.0828
18900 0.1188
19000 0.1250
19100 0.1094
19200 0.1031
19300 0.1188
19400 0.1344
19500 0.1078
19600 0.1078
19700 0.0859
19800 0.1188
19900 0.0875
20000 0.1281
20100 0.1141
20200 0.1109
20300 0.1219
20400 0.1078
20500 0.0891
20600 0.0922
20700 0.0906
20800 0.1109
20900 0.1016
21000 0.1000
21100 0.0875
21200 0.0891
21300 0.1125
21400 0.1047
21500 0.1016
21600 0.1094
21700 0.1062
21800 0.1203
21900 0.0984
22000 0.0984
22100 0.1031
22200 0.1266
22300 0.1141
22400 0.1188
22500 0.1047
22600 0.1172
22700 0.1062
22800 0.1141
22900 0.1031
23000 0.0875
23100 0.1328
23200 0.0922
23300 0.0750
23400 0.1156
23500 0.0891
23600 0.0891
23700 0.0969
23800 0.0953
23900 0.0953
24000 0.0734
24100 0.0656
24200 0.0969
24300 0.0953
24400 0.1125
24500 0.0766
24600 0.1031
24700 0.1047
24800 0.1000
24900 0.0766
25000 0.0750
25100 0.0875
25200 0.1109
25300 0.1000
25400 0.0766
25500 0.1016
25600 0.0922
25700 0.1031
25800 0.1109
25900 0.1016
26000 0.0844
26100 0.0969
26200 0.0781
26300 0.0875
26400 0.0844
26500 0.0859
26600 0.0922
26700 0.1234
26800 0.0781
26900 0.0797
27000 0.0906
27100 0.1203
27200 0.0922
27300 0.1109
27400 0.0891
27500 0.0906
27600 0.0984
27700 0.1016
27800 0.1156
27900 0.0969
28000 0.0875
28100 0.1125
28200 0.0875
28300 0.0797
28400 0.1156
28500 0.1078
28600 0.1203
28700 0.0828
28800 0.1062
28900 0.0781
29000 0.0891
29100 0.0984
29200 0.0938
29300 0.1031
29400 0.0922
29500 0.1109
29600 0.0969
29700 0.0687
29800 0.0844
29900 0.0797
30000 0.0938
30100 0.1016
30200 0.0938
30300 0.0906
30400 0.0922
30500 0.0969
30600 0.0813
30700 0.1016
30800 0.0859
30900 0.0984
31000 0.0969
31100 0.0828
31200 0.0750
31300 0.0906
31400 0.1078
31500 0.1031
31600 0.1000
31700 0.0750
31800 0.0875
31900 0.0984
32000 0.0906
32100 0.0625
32200 0.0609
32300 0.0406
32400 0.0437
32500 0.0469
32600 0.0453
32700 0.0547
32800 0.0281
32900 0.0516
33000 0.0344
33100 0.0406
33200 0.0516
33300 0.0219
33400 0.0500
33500 0.0250
33600 0.0453
33700 0.0328
33800 0.0344
33900 0.0328
34000 0.0281
34100 0.0516
34200 0.0375
34300 0.0250
34400 0.0312
34500 0.0359
34600 0.0172
34700 0.0344
34800 0.0437
34900 0.0219
35000 0.0312
35100 0.0312
35200 0.0359
35300 0.0203
35400 0.0312
35500 0.0266
35600 0.0219
35700 0.0266
35800 0.0219
35900 0.0234
36000 0.0250
36100 0.0203
36200 0.0312
36300 0.0281
36400 0.0328
36500 0.0297
36600 0.0250
36700 0.0234
36800 0.0297
36900 0.0219
37000 0.0234
37100 0.0281
37200 0.0172
37300 0.0219
37400 0.0281
37500 0.0172
37600 0.0250
37700 0.0266
37800 0.0359
37900 0.0203
38000 0.0281
38100 0.0172
38200 0.0219
38300 0.0281
38400 0.0141
38500 0.0156
38600 0.0141
38700 0.0156
38800 0.0297
38900 0.0266
39000 0.0234
39100 0.0125
39200 0.0234
39300 0.0188
39400 0.0234
39500 0.0156
39600 0.0219
39700 0.0219
39800 0.0281
39900 0.0219
40000 0.0266
40100 0.0203
40200 0.0203
40300 0.0156
40400 0.0172
40500 0.0062
40600 0.0281
40700 0.0266
40800 0.0281
40900 0.0188
41000 0.0109
41100 0.0172
41200 0.0203
41300 0.0234
41400 0.0188
41500 0.0156
41600 0.0109
41700 0.0234
41800 0.0266
41900 0.0125
42000 0.0250
42100 0.0188
42200 0.0172
42300 0.0172
42400 0.0156
42500 0.0234
42600 0.0125
42700 0.0188
42800 0.0156
42900 0.0250
43000 0.0188
43100 0.0219
43200 0.0156
43300 0.0219
43400 0.0188
43500 0.0141
43600 0.0203
43700 0.0172
43800 0.0062
43900 0.0266
44000 0.0156
44100 0.0203
44200 0.0172
44300 0.0203
44400 0.0156
44500 0.0188
44600 0.0188
44700 0.0156
44800 0.0234
44900 0.0172
45000 0.0094
45100 0.0141
45200 0.0203
45300 0.0172
45400 0.0062
45500 0.0188
45600 0.0219
45700 0.0219
45800 0.0125
45900 0.0109
46000 0.0156
46100 0.0125
46200 0.0109
46300 0.0188
46400 0.0172
46500 0.0297
46600 0.0156
46700 0.0281
46800 0.0141
46900 0.0234
47000 0.0234
47100 0.0156
47200 0.0156
47300 0.0109
47400 0.0188
47500 0.0094
47600 0.0156
47700 0.0156
47800 0.0156
47900 0.0125
48000 0.0062
48100 0.0125
48200 0.0141
48300 0.0156
48400 0.0031
48500 0.0188
48600 0.0188
48700 0.0109
48800 0.0078
48900 0.0078
49000 0.0031
49100 0.0156
49200 0.0031
49300 0.0109
49400 0.0094
49500 0.0125
49600 0.0062
49700 0.0188
49800 0.0062
49900 0.0078
50000 0.0141
50100 0.0109
50200 0.0062
50300 0.0141
50400 0.0062
50500 0.0156
50600 0.0094
50700 0.0094
50800 0.0047
50900 0.0094
51000 0.0141
51100 0.0094
51200 0.0078
51300 0.0094
51400 0.0109
51500 0.0078
51600 0.0094
51700 0.0094
51800 0.0078
51900 0.0078
52000 0.0094
52100 0.0094
52200 0.0062
52300 0.0109
52400 0.0094
52500 0.0047
52600 0.0031
52700 0.0047
52800 0.0016
52900 0.0109
53000 0.0109
53100 0.0016
53200 0.0094
53300 0.0062
53400 0.0078
53500 0.0031
53600 0.0078
53700 0.0125
53800 0.0047
53900 0.0062
54000 0.0062
54100 0.0062
54200 0.0094
54300 0.0062
54400 0.0062
54500 0.0156
54600 0.0047
54700 0.0109
54800 0.0125
54900 0.0016
55000 0.0062
55100 0.0078
55200 0.0078
55300 0.0016
55400 0.0000
55500 0.0000
55600 0.0156
55700 0.0047
55800 0.0062
55900 0.0047
56000 0.0047
56100 0.0094
56200 0.0094
56300 0.0078
56400 0.0031
56500 0.0109
56600 0.0094
56700 0.0078
56800 0.0094
56900 0.0078
57000 0.0109
57100 0.0078
57200 0.0016
57300 0.0062
57400 0.0094
57500 0.0078
57600 0.0047
57700 0.0062
57800 0.0047
57900 0.0062
58000 0.0031
58100 0.0172
58200 0.0109
58300 0.0094
58400 0.0031
58500 0.0016
58600 0.0078
58700 0.0047
58800 0.0047
58900 0.0047
59000 0.0016
59100 0.0031
59200 0.0031
59300 0.0000
59400 0.0109
59500 0.0062
59600 0.0078
59700 0.0062
59800 0.0078
59900 0.0047
60000 0.0094
60100 0.0078
60200 0.0047
60300 0.0047
60400 0.0094
60500 0.0031
60600 0.0062
60700 0.0062
60800 0.0078
60900 0.0094
61000 0.0062
61100 0.0094
61200 0.0031
61300 0.0000
61400 0.0047
61500 0.0047
61600 0.0047
61700 0.0047
61800 0.0062
61900 0.0016
62000 0.0062
62100 0.0094
62200 0.0016
62300 0.0094
62400 0.0078
62500 0.0078
62600 0.0047
62700 0.0031
62800 0.0078
62900 0.0016
63000 0.0078
63100 0.0094
63200 0.0031
63300 0.0016
63400 0.0031
63500 0.0062
63600 0.0047
63700 0.0047
63800 0.0047
63900 0.0062
64000 0.0031
